  Frame #         RMSD         rGyr      intraHB        MolSA         SASA          PSA
        0        0.000        4.692            0      426.877      156.483      213.738
        1        0.293        4.623            0      421.659      192.417      214.922
        2        0.461        4.617            0      420.413      215.077      215.734
        3        0.371        4.636            0      423.171      205.918      212.274
        4        0.613        4.596            0      423.734      258.787      212.363
        5        0.423        4.639            0      425.013      263.246      212.700
        6        0.367        4.607            0      422.520      247.018      210.790
        7        0.360        4.638            0      423.585      254.101      208.185
        8        0.347        4.637            0      426.156      240.512      216.603
        9        0.477        4.657            0      428.155      244.418      215.518
       10        0.425        4.636            0      427.697      253.236      216.102
       11        0.296        4.709            0      427.375      236.365      217.487
       12        0.450        4.681            0      426.048      256.097      212.014
       13        0.350        4.657            0      426.385      223.499      209.283
       14        0.519        4.695            0      430.183      236.418      214.689
       15        0.520        4.593            0      425.796      251.354      220.285
       16        0.383        4.639            0      422.973      223.295      215.701
       17        0.594        4.624            0      422.716      231.119      212.898
       18        0.419        4.644            0      428.971      247.950      218.187
       19        0.443        4.657            0      425.514      245.579      216.974
       20        0.411        4.622            0      425.244      246.987      214.993
       21        0.386        4.636            0      425.954      242.766      214.383
       22        0.314        4.655            0      426.362      219.395      217.574
       23        0.515        4.610            0      423.562      259.785      213.041
       24        0.253        4.639            0      424.824      231.272      224.337
       25        0.396        4.665            0      425.870      234.192      210.694
       26        0.403        4.644            0      426.150      236.950      213.754
       27        0.290        4.586            0      420.343      242.479      209.908
       28        0.427        4.601            0      425.804      234.294      217.383
       29        0.436        4.652            0      422.719      237.894      217.923
       30        0.222        4.717            0      429.873      267.628      212.157
       31        0.363        4.608            0      422.305      254.533      213.061
       32        0.255        4.678            0      427.879      254.313      211.068
       33        0.337        4.659            0      427.507      250.631      212.886
       34        0.275        4.620            0      423.656      236.176      215.873
       35        0.243        4.628            0      423.768      221.073      215.813
       36        0.279        4.622            0      424.375      250.294      215.208
       37        0.565        4.654            0      426.619      250.525      213.157
       38        0.320        4.607            0      421.435      219.428      217.541
       39        0.274        4.638            0      425.351      225.017      218.397
       40        0.363        4.624            0      425.887      219.314      216.727
       41        0.308        4.633            0      424.361      216.819      216.094
       42        0.350        4.652            0      425.459      230.020      216.284
       43        0.651        4.646            0      426.660      241.664      213.396
       44        0.465        4.636            0      427.336      253.808      220.720
       45        0.489        4.607            0      424.441      251.508      217.428
       46        0.497        4.664            0      428.316      253.585      211.163
       47        0.322        4.648            0      424.369      227.907      209.960
       48        0.412        4.663            0      428.141      265.185      209.814
       49        0.242        4.654            0      426.321      243.601      213.051
       50        0.547        4.659            0      426.928      245.875      215.555
       51        0.560        4.671            0      426.141      264.047      213.257
       52        0.543        4.663            0      426.338      246.798      209.524
       53        0.631        4.525            0      419.386      246.757      215.453
       54        0.438        4.615            0      422.329      252.818      217.675
       55        0.505        4.586            0      423.352      227.743      217.799
       56        0.922        4.615            0      427.193      255.892      217.850
       57        0.697        4.566            0      421.882      234.969      208.618
       58        0.881        4.548            0      422.840      230.178      212.888
       59        0.737        4.594            0      428.833      220.232      212.240
       60        0.768        4.595            0      424.961      224.812      207.753
       61        0.706        4.594            0      422.700      223.315      215.073
       62        0.661        4.628            0      426.030      230.310      206.374
       63        0.553        4.674            0      424.211      197.501      208.889
       64        0.707        4.613            0      426.116      197.058      210.959
       65        0.492        4.689            0      430.372      202.982      208.942
       66        0.732        4.615            0      428.448      212.925      207.613
       67        0.511        4.644            0      425.464      184.929      211.574
       68        0.736        4.652            0      427.334      189.379      206.091
       69        0.874        4.524            0      423.476      213.146      209.121
       70        0.797        4.599            0      424.542      211.185      209.692
       71        0.867        4.504            0      422.388      228.329      209.506
       72        0.843        4.641            0      428.642      228.662      212.104
       73        0.592        4.646            0      422.846      250.321      212.768
       74        0.472        4.664            0      424.411      236.783      215.649
       75        0.503        4.714            0      429.203      258.289      215.209
       76        0.321        4.652            0      422.184      205.954      207.388
       77        0.507        4.650            0      424.513      218.908      209.295
       78        0.392        4.677            0      424.765      224.722      212.085
       79        0.478        4.637            0      423.735      218.761      211.190
       80        0.555        4.666            0      425.963      224.107      213.294
       81        0.418        4.639            0      426.840      234.166      209.816
       82        0.474        4.624            0      421.693      241.846      215.055
       83        0.533        4.611            0      425.887      226.883      217.669
       84        0.534        4.701            0      425.867      210.280      215.240
       85        0.603        4.647            0      427.656      202.707      215.110
       86        0.697        4.600            0      424.533      194.778      219.134
       87        0.673        4.576            0      426.579      213.450      222.710
       88        0.547        4.610            0      422.567      203.948      211.511
       89        0.694        4.707            0      428.457      205.030      207.693
       90        0.603        4.556            0      421.538      205.197      212.875
       91        0.546        4.633            0      426.104      191.413      211.454
       92        0.560        4.599            0      420.875      219.384      211.233
       93        0.502        4.608            0      424.314      213.852      215.572
       94        0.503        4.681            0      423.373      224.484      205.770
       95        0.492        4.619            0      421.914      242.522      209.537
       96        0.671        4.582            0      418.823      228.718      207.355
       97        0.488        4.639            0      422.820      223.478      211.080
       98        0.466        4.617            0      424.514      230.690      218.348
       99        0.475        4.667            0      421.371      252.004      209.995
      100        0.386        4.648            0      420.061      230.115      210.785
      101        0.465        4.644            0      424.743      232.908      214.368
      102        0.518        4.665            0      423.263      229.271      207.949
      103        0.501        4.656            0      424.275      217.855      209.053
      104        0.738        4.572            0      417.663      261.322      214.080
      105        0.597        4.666            0      424.043      287.792      213.900
      106        0.586        4.663            0      426.845      266.552      211.627
      107        0.515        4.661            0      425.069      277.226      215.399
      108        0.554        4.678            0      426.126      264.812      212.157
      109        0.519        4.613            0      423.842      236.898      214.953
      110        0.505        4.674            0      422.588      243.092      207.860
      111        0.493        4.630            0      422.325      260.398      215.545
      112        0.613        4.604            0      417.223      261.532      210.146
      113        0.642        4.649            0      421.436      251.705      211.006
      114        0.592        4.623            0      420.613      281.161      207.027
      115        0.603        4.563            0      420.048      234.607      214.133
      116        0.625        4.594            0      422.109      237.171      213.134
      117        0.551        4.670            0      424.011      239.067      215.625
      118        0.458        4.645            0      423.043      243.578      218.597
      119        0.365        4.613            0      425.295      251.009      218.418
      120        0.346        4.673            0      425.588      250.742      212.431
      121        0.450        4.644            0      422.125      235.388      214.509
      122        0.395        4.644            0      423.426      258.236      208.245
      123        0.398        4.657            0      424.045      289.486      208.127
      124        0.369        4.674            0      423.589      252.345      211.728
      125        0.412        4.637            0      425.127      259.822      218.376
      126        0.301        4.632            0      422.495      242.374      208.491
      127        0.499        4.653            0      422.185      282.482      207.113
      128        0.469        4.607            0      419.054      257.248      207.197
      129        0.368        4.656            0      425.756      279.520      209.113
      130        0.342        4.627            0      419.977      257.583      206.793
      131        0.581        4.614            0      422.649      257.892      204.167
      132        0.398        4.665            0      425.096      280.058      211.546
      133        0.445        4.670            0      425.555      270.543      205.880
      134        0.466        4.680            0      427.512      273.103      208.481
      135        0.446        4.613            0      418.214      302.003      204.302
      136        0.411        4.641            0      426.200      272.961      210.475
      137        0.473        4.623            0      421.994      273.599      208.961
      138        0.348        4.648            0      426.307      288.168      206.758
      139        0.551        4.671            0      425.155      274.541      208.918
      140        0.511        4.682            0      427.613      239.871      208.229
      141        0.528        4.632            0      423.505      291.064      208.997
      142        0.529        4.613            0      420.051      250.461      204.834
      143        0.540        4.652            0      424.892      273.903      206.519
      144        0.524        4.705            0      429.557      263.930      209.521
      145        0.420        4.704            0      431.164      249.656      213.280
      146        0.360        4.642            0      426.645      247.119      206.141
      147        0.543        4.604            0      420.478      294.877      210.031
      148        0.340        4.641            0      424.404      293.369      210.102
      149        0.369        4.628            0      420.527      283.580      204.964
      150        0.601        4.615            0      422.486      269.458      212.505
      151        0.462        4.656            1      424.672      225.545      208.921
      152        0.537        4.709            0      427.657      264.304      207.030
      153        0.581        4.683            0      427.561      219.698      208.079
      154        0.560        4.590            0      422.225      228.007      212.134
      155        0.497        4.664            0      427.940      237.606      212.506
      156        0.616        4.604            0      423.853      233.425      206.450
      157        0.664        4.652            0      426.762      225.589      211.796
      158        0.514        4.612            0      423.138      215.714      211.566
      159        0.575        4.629            0      422.903      257.505      213.431
      160        0.606        4.666            0      425.086      259.045      204.674
      161        0.610        4.640            0      422.952      240.263      206.850
      162        0.644        4.649            0      423.734      258.262      213.918
      163        0.655        4.669            1      424.433      252.124      205.708
      164        0.533        4.610            0      422.661      268.807      210.826
      165        0.439        4.616            0      422.855      232.880      210.486
      166        0.732        4.623            0      426.958      233.191      212.355
      167        0.555        4.638            0      424.154      214.202      207.609
      168        0.680        4.574            0      423.045      220.235      201.629
      169        0.533        4.659            1      425.458      237.763      202.088
      170        0.714        4.718            0      433.530      236.107      205.984
      171        0.525        4.641            1      424.879      253.066      208.651
      172        0.592        4.645            0      427.853      248.265      213.929
      173        0.622        4.649            0      425.024      239.783      201.075
      174        0.481        4.660            1      424.905      236.422      203.366
      175        0.573        4.647            0      424.488      240.900      210.794
      176        0.717        4.640            0      423.089      235.925      205.080
      177        0.622        4.644            0      427.016      254.770      208.748
      178        0.901        4.652            0      423.007      213.357      213.893
      179        0.776        4.673            0      424.949      243.750      198.866
      180        0.709        4.670            1      425.400      242.628      201.795
      181        0.651        4.671            0      424.185      209.065      200.924
      182        0.802        4.695            0      426.050      235.793      193.229
      183        0.708        4.643            0      423.665      199.544      202.247
      184        0.808        4.675            1      426.737      234.101      203.470
      185        0.966        4.695            0      422.446      232.176      194.775
      186        0.761        4.682            0      422.102      265.598      198.058
      187        0.646        4.687            1      422.369      272.090      198.360
      188        0.899        4.666            0      421.921      298.694      197.957
      189        0.866        4.697            1      426.193      283.679      197.443
      190        0.788        4.667            0      425.287      315.263      202.464
      191        0.763        4.685            0      427.386      291.649      201.157
      192        0.546        4.724            1      426.708      307.290      200.716
      193        0.801        4.703            0      425.988      286.567      198.400
      194        0.873        4.698            0      427.147      270.374      206.693
      195        0.984        4.618            1      425.772      269.761      199.041
      196        0.913        4.721            1      428.360      290.272      203.687
      197        0.905        4.647            0      424.499      235.718      200.327
      198        0.897        4.647            1      424.865      281.011      203.061
      199        0.817        4.759            1      428.414      264.132      201.036
      200        0.961        4.750            0      426.930      283.200      201.526
      201        0.817        4.688            1      427.391      315.996      197.537
      202        0.846        4.689            1      426.882      269.111      203.467
      203        0.976        4.679            1      426.734      267.581      197.982
      204        0.676        4.707            0      429.724      251.354      200.892
      205        0.793        4.673            0      423.727      283.985      200.569
      206        0.816        4.659            0      423.575      262.817      203.098
      207        0.724        4.648            1      420.093      242.348      201.483
      208        0.852        4.712            1      425.146      265.262      203.144
      209        0.826        4.656            1      425.201      233.123      203.606
      210        0.602        4.723            0      425.087      262.364      206.890
      211        0.784        4.768            0      428.066      244.159      205.185
      212        0.882        4.678            0      424.943      229.765      199.705
      213        0.700        4.703            1      426.824      271.867      202.381
      214        0.693        4.694            1      425.351      291.695      198.173
      215        0.783        4.725            1      425.165      255.031      193.669
      216        0.831        4.628            0      423.818      284.782      203.263
      217        0.651        4.732            0      427.802      273.084      204.149
      218        0.712        4.660            0      419.752      216.703      201.270
      219        0.819        4.692            0      424.761      278.603      199.809
      220        0.838        4.717            0      426.796      267.159      203.769
      221        0.763        4.699            0      425.937      312.971      199.931
      222        0.808        4.670            1      422.585      281.243      200.567
      223        0.899        4.713            0      426.419      264.999      205.156
      224        1.065        4.610            1      425.267      281.158      192.509
      225        0.657        4.646            0      424.225      305.857      209.266
      226        0.817        4.624            1      421.991      274.940      196.896
      227        0.699        4.644            1      422.213      247.615      201.205
      228        1.000        4.646            1      427.072      278.465      201.404
      229        0.953        4.649            1      427.118      266.979      202.026
      230        0.731        4.720            1      426.828      270.466      199.208
      231        0.858        4.662            1      424.164      288.138      197.420
      232        0.822        4.658            0      421.447      314.393      201.401
      233        0.721        4.704            1      427.650      336.717      201.990
      234        0.851        4.706            0      427.360      264.433      198.552
      235        0.667        4.721            1      429.078      323.276      204.695
      236        0.833        4.668            1      422.864      303.946      198.211
      237        0.976        4.694            0      429.200      282.097      207.967
      238        0.771        4.699            1      426.882      282.834      198.849
      239        0.967        4.617            1      424.127      282.678      197.527
      240        0.614        4.717            1      430.410      308.800      201.031
      241        0.766        4.649            1      423.914      350.479      204.082
      242        0.791        4.751            0      429.135      325.133      196.701
      243        0.788        4.714            0      424.320      277.003      198.842
      244        0.685        4.735            1      428.123      260.144      202.371
      245        0.744        4.687            1      424.696      262.421      201.940
      246        0.748        4.674            0      426.547      250.434      203.999
      247        0.726        4.687            0      426.644      297.535      204.191
      248        0.719        4.673            1      426.405      252.904      198.937
      249        0.705        4.672            0      421.937      241.296      200.486
      250        0.618        4.618            1      419.268      319.835      207.078
      251        0.669        4.740            0      426.729      285.794      204.069
      252        0.602        4.674            1      422.306      286.320      202.125
      253        0.763        4.694            0      426.388      221.662      205.107
      254        0.745        4.686            0      425.262      279.253      207.489
      255        0.721        4.683            0      423.259      249.681      197.741
      256        0.688        4.710            0      424.752      285.748      205.637
      257        0.760        4.626            1      417.772      254.422      203.525
      258        0.701        4.665            1      425.451      267.058      204.941
      259        0.671        4.687            0      426.950      271.840      205.516
      260        0.669        4.708            1      426.892      232.854      202.079
      261        0.743        4.684            0      424.922      241.838      208.677
      262        0.782        4.711            0      427.410      246.425      204.432
      263        0.703        4.744            0      424.473      250.530      197.183
      264        0.635        4.693            1      423.687      302.020      202.667
      265        0.721        4.670            0      427.411      303.304      205.958
      266        0.851        4.710            1      424.377      273.723      198.582
      267        0.719        4.679            0      420.640      279.706      197.602
      268        0.721        4.687            0      430.159      294.211      203.915
      269        0.669        4.685            1      426.652      341.389      201.287
      270        0.641        4.665            0      423.816      276.980      200.424
      271        0.856        4.663            0      427.419      319.655      200.105
      272        0.772        4.669            0      423.840      307.096      200.893
      273        0.990        4.644            0      425.006      291.197      202.852
      274        0.710        4.682            1      424.258      300.575      201.605
      275        0.840        4.678            1      424.555      298.585      205.070
      276        0.739        4.708            1      425.570      289.456      205.519
      277        0.777        4.706            0      425.547      265.128      201.318
      278        0.827        4.683            1      427.767      340.290      201.664
      279        0.831        4.703            0      425.922      280.206      202.755
      280        0.589        4.642            1      423.023      322.236      201.140
      281        0.753        4.645            0      422.728      323.158      201.260
      282        0.656        4.703            0      422.694      359.988      198.354
      283        0.772        4.729            1      430.219      307.835      203.926
      284        0.641        4.697            0      424.571      350.337      205.802
      285        0.715        4.713            1      427.311      356.829      205.980
      286        0.628        4.718            1      426.607      349.728      198.709
      287        0.777        4.714            1      429.979      339.881      201.726
      288        0.654        4.711            0      427.750      305.639      206.342
      289        0.658        4.723            1      428.592      344.239      203.165
      290        0.790        4.732            0      426.974      344.584      205.853
      291        0.675        4.703            0      426.726      346.259      201.321
      292        0.797        4.681            1      420.794      335.759      200.773
      293        0.784        4.693            0      426.901      322.906      202.154
      294        0.642        4.670            1      422.236      367.736      199.405
      295        1.033        4.637            0      427.331      327.045      203.615
      296        0.985        4.601            0      426.712      392.389      198.763
      297        0.897        4.689            1      422.866      346.780      202.600
      298        0.684        4.720            0      426.074      316.414      200.976
      299        0.636        4.680            0      422.843      326.023      206.496
      300        0.846        4.604            0      422.530      321.521      207.703
      301        0.689        4.680            0      421.677      315.443      200.755
      302        0.932        4.692            0      430.477      280.273      205.630
      303        0.724        4.708            0      426.813      298.221      205.594
      304        0.660        4.701            1      421.421      293.657      193.857
      305        0.581        4.721            1      424.660      300.038      200.294
      306        0.785        4.666            0      424.827      287.184      203.285
      307        0.697        4.718            1      423.561      334.016      196.092
      308        0.589        4.705            1      425.229      362.951      204.024
      309        0.727        4.703            0      426.349      348.962      203.817
      310        0.642        4.706            1      423.894      356.695      196.741
      311        0.720        4.670            0      424.961      396.628      204.151
      312        0.705        4.733            1      422.987      372.068      204.359
      313        0.665        4.691            1      424.350      353.355      201.348
      314        0.647        4.741            0      428.787      353.889      201.792
      315        0.559        4.670            1      424.197      362.746      197.772
      316        0.584        4.640            1      421.986      317.993      203.908
      317        0.561        4.724            1      428.384      342.735      202.856
      318        0.690        4.696            0      423.990      296.814      204.671
      319        0.716        4.699            0      430.386      322.514      210.011
      320        0.707        4.672            0      425.250      317.384      200.895
      321        0.640        4.662            1      421.251      296.708      199.359
      322        0.693        4.679            0      423.693      268.984      197.943
      323        0.770        4.730            1      425.795      250.221      202.417
      324        0.673        4.729            0      426.025      277.294      201.784
      325        0.657        4.710            0      425.313      307.042      199.779
      326        0.655        4.721            1      425.302      332.265      207.852
      327        0.626        4.734            0      426.478      285.421      200.359
      328        0.765        4.712            0      426.147      284.166      205.834
      329        0.738        4.659            1      423.354      262.286      195.751
      330        0.692        4.711            0      426.064      279.248      198.075
      331        0.663        4.706            0      424.468      277.565      204.049
      332        0.650        4.671            0      425.687      276.649      206.106
      333        0.710        4.685            0      423.644      286.013      198.817
      334        0.571        4.725            0      426.398      314.917      208.177
      335        0.610        4.695            1      423.107      301.361      200.810
      336        0.654        4.688            0      422.984      294.906      205.932
      337        0.595        4.727            0      429.428      282.926      205.176
      338        0.673        4.738            0      424.437      300.239      205.475
      339        0.580        4.688            0      424.174      308.374      202.135
      340        0.792        4.667            0      418.593      324.839      201.863
      341        0.697        4.648            0      419.159      330.125      200.371
      342        0.686        4.740            1      428.397      331.831      201.899
      343        0.779        4.708            0      427.743      321.705      202.300
      344        0.602        4.669            0      421.579      348.167      196.996
      345        0.722        4.658            0      421.778      332.148      205.230
      346        0.636        4.714            0      426.284      336.385      201.597
      347        0.609        4.711            0      422.907      320.069      204.010
      348        0.653        4.716            1      427.725      337.876      207.596
      349        0.677        4.739            1      425.307      307.975      200.435
      350        0.663        4.723            1      425.776      316.155      200.295
      351        0.659        4.691            1      422.067      292.104      196.389
      352        0.727        4.724            1      426.895      247.965      203.727
      353        0.750        4.777            0      431.758      286.752      204.841
      354        0.730        4.695            0      424.686      373.902      201.020
      355        0.644        4.738            1      424.042      320.611      199.689
      356        0.557        4.716            1      425.579      335.939      198.952
      357        0.750        4.707            0      425.402      292.214      200.125
      358        0.803        4.677            1      424.857      321.186      200.128
      359        0.638        4.643            0      420.245      320.023      198.543
      360        0.554        4.694            0      424.818      355.190      207.395
      361        0.639        4.722            0      425.781      327.367      204.167
      362        0.569        4.693            1      422.288      332.866      207.646
      363        0.699        4.684            0      424.338      338.884      201.217
      364        0.800        4.661            0      423.825      351.653      193.921
      365        0.622        4.667            0      422.246      329.638      208.865
      366        0.632        4.706            0      425.346      340.070      201.122
      367        0.649        4.699            0      423.124      331.873      202.295
      368        0.632        4.725            0      428.218      335.113      204.100
      369        0.744        4.775            0      430.083      336.208      203.757
      370        0.658        4.711            1      423.280      337.203      200.865
      371        0.723        4.691            1      423.213      298.942      193.742
      372        0.658        4.694            0      426.131      347.130      198.712
      373        0.737        4.635            1      421.120      319.593      195.932
      374        0.700        4.698            0      425.147      347.527      209.548
      375        0.797        4.697            0      425.685      359.870      203.641
      376        0.717        4.741            0      429.031      328.461      206.832
      377        0.686        4.715            0      425.524      342.183      205.874
      378        0.728        4.735            0      429.520      361.157      205.119
      379        0.697        4.692            0      422.780      301.412      207.351
      380        0.689        4.747            0      428.731      316.725      209.048
      381        0.785        4.655            0      425.576      311.378      205.164
      382        0.638        4.727            0      425.442      330.370      201.358
      383        0.605        4.632            0      417.544      325.058      199.104
      384        0.569        4.699            0      424.379      348.009      198.487
      385        0.493        4.673            0      421.159      366.660      197.429
      386        0.715        4.685            0      422.354      319.738      201.609
      387        0.716        4.656            1      421.014      370.225      200.465
      388        0.679        4.694            0      421.603      341.500      198.742
      389        0.628        4.695            1      424.527      318.375      203.178
      390        0.610        4.696            1      423.872      322.437      199.612
      391        0.676        4.699            0      422.962      350.349      201.096
      392        0.655        4.704            0      422.797      321.593      201.688
      393        0.753        4.638            0      420.019      346.354      198.405
      394        0.634        4.719            0      425.406      378.311      199.366
      395        0.580        4.700            1      426.316      351.136      196.265
      396        0.670        4.654            0      420.028      296.220      197.234
      397        0.697        4.687            1      420.615      296.914      194.988
      398        0.635        4.724            1      425.717      343.766      201.296
      399        0.645        4.668            0      421.691      312.948      199.620
      400        0.782        4.731            0      426.920      286.486      203.945
      401        0.684        4.675            0      418.761      279.198      197.426
      402        0.598        4.746            0      428.154      296.372      209.758
      403        0.640        4.712            0      428.768      293.681      201.442
      404        0.668        4.686            0      421.728      312.032      204.370
      405        0.721        4.694            0      423.532      311.250      201.712
      406        0.705        4.714            0      424.776      323.500      200.679
      407        0.732        4.704            1      425.618      329.625      203.836
      408        0.711        4.708            0      426.873      364.286      205.744
      409        0.658        4.715            0      425.291      339.758      198.466
      410        0.670        4.728            0      424.352      298.830      204.882
      411        0.640        4.689            0      423.010      304.145      203.070
      412        0.689        4.749            1      426.120      293.813      201.807
      413        0.617        4.745            0      427.678      338.331      198.637
      414        0.626        4.765            0      429.112      378.312      200.914
      415        0.631        4.673            1      424.481      288.942      203.866
      416        0.566        4.637            0      420.190      327.614      201.929
      417        0.657        4.715            1      428.446      325.280      203.098
      418        0.784        4.653            1      424.029      357.729      203.665
      419        0.611        4.710            0      425.009      303.400      201.230
      420        0.663        4.697            0      422.904      317.624      203.483
      421        0.673        4.713            1      425.576      331.713      198.944
      422        0.733        4.748            0      427.185      293.670      198.672
      423        0.723        4.690            0      424.659      296.355      202.751
      424        0.728        4.703            0      422.872      302.588      201.625
      425        0.681        4.680            0      422.170      294.088      201.841
      426        0.664        4.676            0      424.787      344.866      205.389
      427        0.706        4.674            0      424.897      353.649      202.083
      428        0.721        4.719            0      426.611      336.297      203.623
      429        0.758        4.628            1      421.633      376.674      199.324
      430        0.795        4.658            0      424.994      401.732      201.620
      431        0.666        4.669            1      422.976      357.062      199.392
      432        0.835        4.718            0      427.941      341.361      204.876
      433        0.631        4.684            1      424.999      331.113      197.834
      434        0.677        4.716            0      427.233      360.928      202.030
      435        0.718        4.662            0      423.598      346.227      198.767
      436        0.663        4.640            0      420.866      307.938      203.894
      437        0.631        4.713            1      426.289      325.550      199.056
      438        0.652        4.661            0      421.230      352.677      200.728
      439        0.721        4.701            0      425.734      328.424      201.336
      440        0.768        4.673            1      417.774      343.842      196.808
      441        0.612        4.709            0      424.617      352.074      202.376
      442        0.678        4.719            0      425.763      336.373      201.934
      443        0.711        4.690            0      423.035      333.685      202.045
      444        0.687        4.708            0      424.607      331.145      201.729
      445        0.668        4.663            0      420.009      323.775      203.133
      446        0.609        4.720            1      426.204      334.742      200.597
      447        0.640        4.710            0      425.165      304.082      203.769
      448        0.834        4.682            0      419.322      282.276      196.213
      449        0.658        4.667            1      421.218      318.665      202.586
      450        0.717        4.751            1      430.246      342.962      202.339
      451        0.675        4.708            0      428.520      362.811      203.193
      452        0.640        4.703            0      427.213      341.300      199.352
      453        0.685        4.689            0      425.638      319.537      202.075
      454        0.588        4.702            1      424.720      337.865      200.326
      455        0.655        4.715            0      426.147      370.404      202.034
      456        0.731        4.688            0      425.614      316.536      203.533
      457        0.992        4.630            0      425.085      307.526      201.045
      458        0.696        4.651            0      423.475      343.878      197.794
      459        0.871        4.666            0      422.193      283.214      205.373
      460        0.650        4.753            0      427.818      340.065      201.154
      461        0.802        4.709            1      428.159      344.706      204.384
      462        0.566        4.668            1      419.550      338.286      200.721
      463        0.717        4.693            0      423.917      313.735      197.673
      464        0.724        4.710            0      424.330      360.763      206.060
      465        0.718        4.687            0      421.255      313.055      200.039
      466        0.672        4.648            0      417.612      372.680      200.464
      467        0.676        4.699            1      425.155      345.789      200.115
      468        0.733        4.723            1      426.378      354.803      197.728
      469        0.703        4.679            1      419.330      290.270      201.278
      470        0.752        4.712            0      427.191      363.251      207.066
      471        0.607        4.607            0      418.778      379.365      198.315
      472        0.598        4.673            0      426.640      380.000      204.946
      473        0.618        4.670            0      425.256      366.553      204.177
      474        0.663        4.691            0      425.495      346.677      200.832
      475        0.688        4.687            0      428.251      353.965      206.202
      476        0.686        4.676            0      419.013      333.008      191.039
      477        0.683        4.710            1      427.647      372.194      199.067
      478        0.664        4.703            1      426.624      340.902      207.206
      479        0.596        4.736            1      425.146      346.617      199.403
      480        0.719        4.686            0      425.061      349.112      206.973
      481        0.688        4.679            1      426.284      363.159      197.349
      482        0.728        4.697            1      424.930      337.435      197.591
      483        0.794        4.685            1      422.835      356.406      203.532
      484        0.580        4.734            0      426.168      357.185      203.243
      485        0.670        4.717            1      425.343      327.744      199.989
      486        0.636        4.690            0      422.351      328.971      199.984
      487        0.693        4.724            0      427.346      296.078      200.141
      488        0.625        4.712            1      422.982      300.485      204.352
      489        0.589        4.673            1      423.328      334.481      199.429
      490        0.746        4.692            0      426.456      315.681      206.632
      491        0.673        4.694            0      425.010      361.529      201.440
      492        0.704        4.712            0      423.917      324.519      202.735
      493        0.713        4.694            1      426.182      342.414      197.682
      494        0.681        4.696            1      424.061      306.514      201.375
      495        0.665        4.665            0      425.136      345.672      200.670
      496        0.643        4.653            1      420.289      322.114      198.220
      497        0.622        4.703            0      426.260      352.833      203.539
      498        0.677        4.689            0      422.577      314.312      202.880
      499        0.629        4.768            0      430.801      312.250      204.981
      500        0.662        4.725            0      427.486      324.186      200.852
      501        0.724        4.709            0      424.310      308.754      204.097
      502        0.611        4.676            0      422.270      331.025      195.120
      503        0.657        4.720            0      428.845      347.072      201.103
      504        0.649        4.738            0      427.566      298.412      204.345
      505        0.733        4.699            0      423.255      323.435      201.124
      506        0.632        4.700            0      424.613      311.552      200.572
      507        0.697        4.673            0      421.380      312.214      201.644
      508        0.718        4.667            1      423.149      306.488      200.684
      509        0.918        4.703            1      429.497      333.301      200.904
      510        0.734        4.681            0      422.609      301.164      199.996
      511        0.625        4.712            0      425.614      332.111      204.750
      512        0.622        4.707            0      424.896      327.193      201.310
      513        0.723        4.669            0      421.587      319.125      198.377
      514        0.783        4.761            0      425.984      305.891      201.867
      515        0.739        4.658            0      421.669      284.203      212.061
      516        0.754        4.751            0      427.311      273.028      202.514
      517        0.760        4.744            0      427.239      315.132      199.469
      518        0.671        4.652            0      420.959      316.983      200.872
      519        0.704        4.715            1      426.214      310.007      195.992
      520        0.735        4.712            0      425.958      310.585      201.992
      521        0.674        4.712            0      424.119      300.167      202.589
      522        0.668        4.702            0      425.925      309.556      204.280
      523        0.637        4.708            0      422.937      342.189      198.577
      524        0.931        4.688            0      422.224      277.921      202.877
      525        0.775        4.712            0      425.549      326.330      199.477
      526        0.740        4.687            0      423.708      349.761      204.456
      527        0.743        4.678            0      425.199      346.903      203.679
      528        0.677        4.737            0      423.490      332.986      196.216
      529        0.675        4.722            1      426.538      327.743      201.715
      530        0.755        4.703            0      427.212      320.064      199.881
      531        0.795        4.679            0      425.842      314.549      211.296
      532        0.746        4.753            1      429.224      325.290      203.581
      533        0.651        4.645            0      420.438      293.712      202.512
      534        0.730        4.729            1      427.443      338.222      198.348
      535        0.727        4.701            1      425.769      316.050      196.529
      536        0.582        4.668            0      424.374      351.666      202.309
      537        0.638        4.699            0      423.422      349.993      204.217
      538        0.746        4.712            0      422.937      323.872      205.259
      539        0.641        4.689            0      426.269      346.459      199.754
      540        0.689        4.752            0      425.916      350.347      203.298
      541        0.763        4.683            0      425.483      366.995      200.481
      542        0.682        4.708            0      426.762      332.748      204.135
      543        0.678        4.736            1      426.409      317.386      200.258
      544        0.646        4.724            0      425.369      356.910      206.486
      545        0.609        4.670            0      420.345      321.363      201.561
      546        0.732        4.716            1      421.739      306.304      201.137
      547        0.723        4.715            0      426.238      345.713      203.320
      548        0.740        4.772            0      431.311      340.134      197.770
      549        0.712        4.696            0      425.662      334.281      205.216
      550        0.695        4.680            0      425.876      356.901      201.969
      551        0.625        4.719            0      424.856      348.706      203.575
      552        0.592        4.682            1      425.214      318.667      200.555
      553        0.579        4.694            0      425.117      386.249      202.662
      554        0.725        4.705            0      424.070      381.546      203.311
      555        0.626        4.716            1      425.816      362.745      201.395
      556        0.729        4.707            0      425.120      349.846      202.604
      557        0.595        4.648            0      426.266      345.113      203.223
      558        0.733        4.713            1      425.309      355.284      201.011
      559        0.655        4.689            0      421.255      348.225      202.903
      560        0.748        4.646            0      421.744      389.268      202.947
      561        0.673        4.700            1      425.592      361.309      203.434
      562        0.685        4.675            0      423.514      335.304      205.170
      563        0.599        4.723            1      426.883      303.344      197.033
      564        0.782        4.710            0      428.413      295.229      200.040
      565        0.575        4.707            1      422.429      339.190      204.714
      566        0.824        4.673            0      427.125      347.446      201.642
      567        0.815        4.709            1      424.999      366.169      202.654
      568        0.712        4.729            1      427.764      294.921      203.675
      569        0.809        4.659            0      429.134      357.617      206.951
      570        0.792        4.774            1      432.318      350.312      196.075
      571        0.635        4.644            0      422.512      352.398      203.422
      572        0.689        4.725            0      427.908      308.407      204.713
      573        0.853        4.686            0      423.489      307.426      200.679
      574        0.645        4.736            0      427.633      324.372      199.080
      575        0.691        4.677            0      424.870      328.410      205.893
      576        0.685        4.689            0      422.121      333.932      206.671
      577        0.654        4.718            1      426.052      347.296      200.599
      578        0.662        4.705            0      424.091      323.409      200.688
      579        0.821        4.711            0      424.469      301.055      200.207
      580        0.686        4.700            1      421.716      343.543      202.732
      581        0.701        4.712            1      424.274      340.157      199.386
      582        0.684        4.680            1      421.067      287.868      198.997
      583        0.767        4.734            1      428.085      307.544      201.383
      584        0.728        4.722            0      426.848      326.182      201.878
      585        0.600        4.663            0      423.316      340.760      203.461
      586        0.686        4.700            1      425.322      318.377      203.946
      587        0.735        4.732            1      423.649      297.692      200.959
      588        0.681        4.738            0      427.216      308.947      204.933
      589        0.648        4.745            1      427.673      339.937      207.725
      590        0.794        4.678            1      419.690      319.109      201.456
      591        0.681        4.729            1      426.265      329.253      196.980
      592        0.690        4.705            0      424.691      335.431      193.798
      593        0.699        4.721            1      426.805      315.989      197.574
      594        0.746        4.719            0      426.610      334.015      199.112
      595        0.758        4.670            0      424.060      294.878      205.860
      596        0.725        4.740            1      425.554      315.607      201.937
      597        0.724        4.722            1      429.857      309.209      198.003
      598        0.731        4.742            0      428.272      322.804      208.796
      599        0.681        4.677            0      421.455      269.521      203.077
      600        0.808        4.782            0      432.861      340.658      202.046
      601        0.818        4.727            1      427.987      354.887      203.998
      602        0.748        4.712            1      425.392      318.174      200.556
      603        0.900        4.693            0      428.526      270.552      207.615
      604        0.746        4.731            1      430.967      291.595      201.540
      605        0.771        4.664            1      424.642      296.222      199.680
      606        0.808        4.674            1      424.533      264.823      204.226
      607        0.868        4.728            0      428.683      316.899      205.398
      608        0.794        4.634            1      417.667      285.652      204.017
      609        0.751        4.636            0      422.372      317.164      200.611
      610        0.705        4.681            0      424.936      316.012      205.191
      611        0.916        4.684            0      427.072      284.014      203.015
      612        0.791        4.647            0      424.759      307.385      200.213
      613        0.722        4.664            1      424.384      289.900      203.933
      614        0.868        4.659            0      425.372      271.438      208.638
      615        0.871        4.654            0      422.902      270.496      204.360
      616        0.981        4.665            0      425.401      255.805      204.213
      617        0.747        4.692            1      423.609      285.834      199.952
      618        0.675        4.691            0      425.500      223.148      205.647
      619        0.770        4.683            1      427.415      274.101      196.210
      620        0.664        4.706            0      425.647      281.276      203.271
      621        0.833        4.706            0      426.298      270.087      203.767
      622        0.719        4.627            0      419.440      262.781      203.209
      623        0.754        4.675            0      423.124      305.037      201.014
      624        0.714        4.656            0      421.426      290.948      198.261
      625        0.924        4.700            0      428.849      299.245      208.529
      626        0.940        4.713            1      430.624      298.422      203.859
      627        0.678        4.693            1      424.799      314.568      207.448
      628        0.654        4.756            1      428.051      332.393      196.343
      629        0.708        4.704            1      423.274      305.260      200.635
      630        0.835        4.657            1      423.857      335.213      203.252
      631        0.891        4.675            0      426.672      340.163      198.968
      632        0.859        4.670            1      423.187      296.229      199.871
      633        0.716        4.684            1      421.534      316.301      207.287
      634        0.765        4.705            1      428.031      304.599      197.374
      635        0.774        4.653            0      424.905      297.462      203.006
      636        0.841        4.719            1      428.789      288.141      203.772
      637        0.718        4.752            1      429.668      286.799      203.486
      638        0.754        4.682            1      425.656      286.140      200.166
      639        0.885        4.670            1      429.636      307.569      203.807
      640        0.817        4.709            1      427.926      271.491      203.880
      641        0.811        4.690            0      422.001      224.515      204.754
      642        0.780        4.694            0      427.589      272.255      203.633
      643        0.803        4.637            0      425.917      273.183      208.178
      644        0.897        4.694            0      425.038      257.413      204.304
      645        0.836        4.689            0      423.911      243.523      203.321
      646        0.757        4.734            0      427.423      273.136      203.294
      647        0.967        4.653            1      426.625      301.295      203.505
      648        0.833        4.733            1      427.362      306.196      204.870
      649        0.787        4.645            1      424.327      304.643      205.798
      650        0.781        4.694            0      431.559      302.349      208.216
      651        0.831        4.738            0      428.160      349.160      204.624
      652        0.762        4.677            0      425.348      310.925      203.874
      653        0.704        4.684            1      423.011      298.518      197.210
      654        0.895        4.683            0      425.933      277.924      199.575
      655        0.765        4.708            1      426.829      294.761      198.249
      656        0.745        4.682            1      424.878      345.199      202.395
      657        0.784        4.677            0      423.426      318.550      199.432
      658        0.688        4.678            0      423.331      309.136      203.837
      659        0.721        4.630            0      419.247      316.642      199.368
      660        0.797        4.732            0      431.179      289.982      202.174
      661        0.889        4.713            1      430.236      327.179      203.243
      662        0.856        4.684            1      426.114      361.565      200.668
      663        0.633        4.633            1      420.128      325.431      195.736
      664        0.796        4.639            0      424.315      336.590      203.941
      665        0.885        4.728            0      432.415      369.856      209.665
      666        0.706        4.745            1      429.265      317.224      201.039
      667        0.733        4.704            1      423.782      318.569      198.352
      668        0.797        4.712            1      426.156      292.310      200.186
      669        0.736        4.708            0      426.786      298.958      206.080
      670        0.675        4.688            0      422.904      323.124      202.644
      671        0.724        4.693            0      426.118      315.604      204.512
      672        0.764        4.749            1      430.239      321.728      198.335
      673        0.752        4.679            1      424.984      314.716      206.642
      674        0.808        4.680            1      426.873      303.891      199.750
      675        0.721        4.702            0      423.511      342.024      200.399
      676        0.575        4.694            1      422.553      353.424      198.767
      677        0.615        4.674            1      421.611      382.500      204.084
      678        0.510        4.683            1      423.379      416.857      198.242
      679        0.621        4.716            0      425.184      343.950      204.171
      680        0.570        4.675            1      422.691      348.425      201.179
      681        0.653        4.682            1      418.813      331.846      194.295
      682        0.592        4.678            0      421.369      324.109      199.953
      683        0.627        4.752            0      428.121      323.708      202.466
      684        0.674        4.682            1      423.622      315.776      201.209
      685        0.757        4.702            0      424.470      368.352      203.952
      686        0.684        4.663            1      422.179      323.907      199.026
      687        0.687        4.706            0      424.306      316.575      203.206
      688        0.715        4.675            0      425.469      344.040      203.689
      689        0.756        4.748            0      428.429      323.608      200.533
      690        0.735        4.678            0      424.806      308.614      203.343
      691        0.720        4.683            1      422.949      339.614      198.058
      692        1.127        4.651            0      421.033      225.197      198.132
      693        0.990        4.648            1      418.733      219.430      196.287
      694        0.929        4.634            0      416.943      246.463      202.666
      695        0.974        4.633            0      424.440      238.841      206.553
      696        0.985        4.667            0      423.231      227.406      203.626
      697        0.847        4.646            1      423.746      226.934      199.522
      698        1.067        4.660            0      421.213      231.276      197.395
      699        0.995        4.670            0      418.229      219.650      202.967
      700        0.937        4.627            0      420.923      254.015      205.855
      701        0.928        4.654            0      419.123      231.625      196.622
      702        1.058        4.706            0      425.370      264.107      200.751
      703        1.052        4.708            0      422.888      252.447      203.359
      704        1.008        4.694            1      421.960      218.055      196.986
      705        0.986        4.657            1      421.401      258.759      202.777
      706        0.962        4.732            0      429.180      256.223      197.809
      707        0.955        4.666            0      421.062      261.312      199.970
      708        0.993        4.689            0      421.776      259.816      193.285
      709        0.939        4.713            1      421.429      285.620      200.871
      710        1.004        4.684            0      423.717      276.785      199.856
      711        1.112        4.574            0      417.392      279.252      198.167
      712        1.095        4.637            0      420.380      239.352      202.609
      713        1.103        4.621            0      416.872      242.104      202.778
      714        0.828        4.645            1      417.766      283.613      201.489
      715        0.962        4.616            0      417.130      287.613      199.357
      716        1.097        4.693            0      422.425      269.778      197.120
      717        0.952        4.722            1      425.563      268.162      198.608
      718        1.138        4.668            1      418.448      290.249      197.108
      719        0.963        4.647            1      418.292      221.649      202.359
      720        0.987        4.620            1      417.386      230.684      198.183
      721        1.041        4.703            0      420.425      251.274      198.594
      722        0.957        4.669            0      422.960      250.900      200.964
      723        0.950        4.689            0      424.340      250.521      199.822
      724        0.904        4.624            1      420.168      270.834      199.414
      725        0.993        4.658            0      421.263      289.105      199.889
      726        1.013        4.721            1      426.328      266.511      204.392
      727        0.974        4.633            0      419.434      274.985      200.868
      728        0.987        4.703            0      423.662      264.541      200.954
      729        0.987        4.666            0      418.305      263.467      203.705
      730        0.913        4.690            1      424.162      274.859      199.356
      731        0.999        4.619            0      413.452      250.222      198.891
      732        1.049        4.665            1      418.755      266.048      198.176
      733        1.016        4.702            0      422.582      285.799      198.321
      734        0.976        4.610            1      420.228      271.250      200.500
      735        0.992        4.680            1      420.620      241.391      197.501
      736        0.933        4.674            1      423.396      258.724      200.390
      737        0.981        4.671            0      419.856      298.095      202.247
      738        0.983        4.690            0      422.656      256.052      200.800
      739        0.881        4.672            0      422.753      290.433      204.717
      740        1.051        4.704            0      422.538      268.348      195.382
      741        0.986        4.662            0      422.356      239.404      202.955
      742        0.969        4.660            1      419.377      258.351      197.990
      743        0.903        4.632            1      418.221      254.444      199.178
      744        0.980        4.650            0      417.329      268.833      195.569
      745        0.956        4.722            0      425.863      273.031      201.311
      746        0.957        4.652            0      419.599      264.948      200.703
      747        1.027        4.668            1      421.455      260.421      203.227
      748        0.921        4.627            0      422.537      256.035      200.493
      749        1.070        4.673            0      419.022      262.396      197.757
      750        1.017        4.698            0      420.831      243.003      199.546
      751        0.911        4.633            1      418.715      252.520      199.492
      752        0.998        4.631            0      415.751      266.976      202.422
      753        0.928        4.644            0      419.650      259.696      202.091
      754        0.914        4.693            1      423.687      282.855      201.117
      755        1.035        4.615            0      418.168      254.238      203.285
      756        1.059        4.627            0      415.791      239.908      198.287
      757        1.099        4.637            0      414.370      243.122      193.586
      758        1.024        4.613            0      417.116      289.580      200.768
      759        0.984        4.677            0      419.945      270.717      192.402
      760        1.082        4.628            0      417.117      237.321      198.139
      761        0.909        4.583            0      417.816      247.748      198.252
      762        0.955        4.677            1      421.938      252.616      198.827
      763        0.982        4.682            1      423.014      276.668      200.479
      764        0.907        4.615            0      415.212      246.424      203.081
      765        0.978        4.714            0      422.879      272.739      197.317
      766        0.923        4.693            0      422.751      253.639      200.176
      767        1.073        4.666            1      415.230      213.840      200.548
      768        1.020        4.643            0      415.185      254.670      195.689
      769        0.932        4.679            0      422.350      247.820      199.544
      770        0.929        4.638            0      418.429      262.427      194.989
      771        0.910        4.657            1      421.061      223.219      196.223
      772        0.944        4.691            1      420.201      242.189      198.355
      773        0.903        4.668            0      419.996      256.992      201.907
      774        0.931        4.632            0      416.835      282.123      194.618
      775        0.898        4.704            0      421.013      240.504      195.156
      776        0.879        4.669            0      422.938      233.022      199.531
      777        0.933        4.651            0      417.881      266.154      198.872
      778        0.956        4.682            0      421.314      242.319      200.632
      779        0.914        4.694            0      424.078      254.463      204.454
      780        1.072        4.683            0      424.957      221.605      196.092
      781        0.952        4.668            0      422.620      242.070      196.784
      782        1.022        4.654            1      421.413      250.001      199.762
      783        1.000        4.672            0      420.485      232.462      197.159
      784        0.891        4.643            0      421.868      249.808      203.237
      785        1.075        4.660            1      421.060      247.805      190.240
      786        1.013        4.710            0      421.497      235.417      202.951
      787        0.929        4.591            0      414.974      240.421      198.182
      788        0.958        4.738            0      424.135      275.807      200.474
      789        0.963        4.634            0      417.945      246.262      197.278
      790        0.978        4.647            0      418.874      249.598      198.145
      791        0.900        4.715            0      427.057      261.051      206.468
      792        0.925        4.699            0      420.948      269.935      205.487
      793        0.884        4.701            0      422.033      235.705      199.432
      794        0.945        4.712            1      425.514      250.869      203.208
      795        0.946        4.715            0      427.029      240.810      204.759
      796        0.948        4.643            1      419.854      237.392      201.100
      797        1.009        4.628            0      418.053      242.595      198.039
      798        0.978        4.678            0      422.612      253.529      199.226
      799        0.960        4.741            1      425.462      253.299      195.286
      800        0.980        4.665            0      418.803      270.367      199.393
      801        0.935        4.654            1      418.209      251.922      195.440
      802        0.935        4.642            0      424.147      240.512      201.237
      803        0.977        4.639            0      416.041      248.765      198.345
      804        0.928        4.639            0      414.664      236.370      190.585
      805        0.982        4.622            0      410.788      233.143      195.888
      806        0.990        4.629            0      415.655      235.462      194.436
      807        1.042        4.614            0      409.544      223.153      193.014
      808        0.920        4.651            0      418.750      247.798      195.752
      809        0.992        4.618            0      416.212      236.481      201.424
      810        0.906        4.658            0      422.220      255.384      201.780
      811        1.055        4.682            0      423.434      241.913      199.979
      812        0.958        4.681            0      421.935      234.359      204.164
      813        0.967        4.706            0      423.777      236.709      199.279
      814        0.971        4.679            0      417.922      241.709      194.311
      815        0.976        4.694            0      423.956      243.885      199.987
      816        0.838        4.653            0      422.105      243.091      200.376
      817        1.083        4.685            0      419.347      241.985      197.588
      818        1.059        4.708            0      425.707      238.778      200.931
      819        1.049        4.679            0      419.621      260.014      198.414
      820        1.081        4.656            0      417.149      212.164      197.710
      821        0.999        4.675            0      420.013      248.796      198.825
      822        0.997        4.669            0      421.937      251.140      196.264
      823        1.012        4.723            0      425.917      233.255      203.121
      824        1.047        4.684            0      422.381      249.016      195.405
      825        0.949        4.687            1      421.921      247.180      197.526
      826        1.030        4.710            0      422.206      263.764      203.669
      827        0.969        4.673            0      422.787      230.939      202.932
      828        0.880        4.722            0      426.494      248.301      201.843
      829        0.939        4.641            0      417.227      240.756      192.782
      830        0.870        4.672            0      425.464      266.700      199.209
      831        0.928        4.695            0      425.654      251.820      200.873
      832        1.016        4.711            1      423.876      247.653      199.407
      833        0.868        4.714            0      424.176      262.067      203.159
      834        0.889        4.656            0      422.840      254.628      201.824
      835        0.797        4.696            0      424.750      236.127      199.098
      836        0.853        4.689            0      420.958      255.837      198.377
      837        0.899        4.684            0      424.337      275.751      204.351
      838        0.933        4.674            0      423.888      288.190      204.756
      839        0.936        4.690            1      420.878      243.378      200.809
      840        0.917        4.716            0      421.745      261.106      201.506
      841        0.909        4.671            0      421.236      263.790      198.634
      842        0.983        4.696            0      423.332      268.163      201.405
      843        1.040        4.641            0      417.996      282.644      197.457
      844        1.080        4.692            0      422.146      289.676      199.964
      845        1.040        4.691            1      422.764      300.763      200.795
      846        1.136        4.627            0      415.409      321.997      190.799
      847        0.983        4.638            0      418.664      301.338      192.277
      848        1.081        4.683            0      422.724      320.476      195.652
      849        1.048        4.665            0      420.934      305.065      189.263
      850        0.965        4.714            0      425.655      301.166      202.417
      851        1.020        4.626            1      415.840      284.538      190.476
      852        1.053        4.626            0      418.170      259.108      195.980
      853        1.010        4.611            0      418.315      263.171      199.340
      854        1.172        4.651            0      416.221      259.819      195.065
      855        1.015        4.678            1      418.472      269.153      189.738
      856        0.951        4.619            0      421.575      276.293      204.185
      857        1.054        4.663            0      415.687      242.789      189.116
      858        1.017        4.715            0      427.445      268.176      203.284
      859        0.961        4.720            0      427.725      270.746      202.047
      860        0.966        4.648            0      417.620      257.147      199.409
      861        0.983        4.656            1      418.366      266.655      188.868
      862        0.960        4.687            1      423.418      264.897      198.181
      863        1.054        4.644            0      416.813      256.188      198.129
      864        1.065        4.720            0      422.641      240.209      199.941
      865        0.988        4.667            1      418.098      222.664      196.894
      866        0.980        4.705            0      425.211      244.241      206.265
      867        1.017        4.683            0      417.628      228.494      200.448
      868        1.010        4.696            0      422.139      265.424      202.970
      869        0.942        4.641            0      421.574      289.367      205.376
      870        0.986        4.644            0      419.324      244.940      203.327
      871        1.015        4.687            0      420.777      278.668      201.462
      872        0.965        4.676            0      422.654      288.709      197.886
      873        0.917        4.707            0      426.931      283.641      205.713
      874        1.152        4.692            0      421.551      281.145      198.243
      875        1.052        4.649            0      420.189      246.842      196.239
      876        1.023        4.671            0      419.041      260.565      195.998
      877        0.919        4.743            0      427.395      271.398      199.072
      878        1.046        4.706            0      422.562      246.135      201.031
      879        0.950        4.678            0      423.106      246.609      204.260
      880        1.041        4.713            1      420.419      281.133      196.017
      881        1.044        4.676            1      420.535      262.761      199.231
      882        1.037        4.682            1      423.793      268.405      200.441
      883        0.966        4.692            1      422.217      252.688      202.615
      884        1.004        4.671            0      420.579      252.050      199.448
      885        1.004        4.733            0      423.984      254.623      198.101
      886        1.006        4.703            0      420.247      256.793      197.548
      887        0.886        4.699            1      426.147      275.412      202.360
      888        0.905        4.652            0      419.637      270.016      201.074
      889        1.161        4.702            1      424.185      274.586      199.414
      890        1.120        4.746            0      428.474      263.675      206.269
      891        1.047        4.676            0      420.096      241.771      194.792
      892        1.040        4.699            0      424.688      282.717      199.337
      893        1.001        4.692            0      422.675      286.518      198.394
      894        1.049        4.672            0      422.528      293.445      206.442
      895        1.096        4.622            1      419.206      325.044      199.439
      896        1.122        4.643            0      417.392      321.164      203.020
      897        1.102        4.653            1      415.235      296.932      193.257
      898        1.122        4.666            0      416.120      310.399      192.346
      899        1.142        4.650            0      418.802      299.766      197.184
      900        1.007        4.668            0      421.082      288.657      196.934
      901        1.006        4.630            0      419.370      296.549      199.970
      902        1.168        4.655            1      418.078      318.576      192.587
      903        0.980        4.651            1      420.765      318.998      195.499
      904        1.057        4.686            0      423.129      324.110      200.202
      905        0.967        4.634            1      418.276      309.448      192.040
      906        1.064        4.666            0      422.522      315.213      199.280
      907        1.081        4.652            1      417.515      302.093      195.875
      908        1.058        4.704            0      426.015      286.606      202.483
      909        0.928        4.680            0      419.690      272.940      195.566
      910        1.048        4.735            0      425.055      283.294      198.815
      911        1.134        4.627            1      420.031      296.343      200.366
      912        1.004        4.658            1      419.324      284.728      199.551
      913        0.869        4.652            1      422.669      280.843      202.522
      914        1.042        4.669            0      419.100      280.572      202.215
      915        0.991        4.710            0      427.026      248.326      199.482
      916        0.941        4.674            0      421.695      275.626      200.943
      917        0.977        4.672            0      422.313      285.985      195.360
      918        1.000        4.667            0      420.353      265.887      200.960
      919        1.031        4.653            0      417.865      246.938      195.735
      920        0.936        4.664            0      422.366      223.394      202.502
      921        0.969        4.662            0      419.730      236.754      201.530
      922        0.911        4.641            0      420.875      220.358      203.481
      923        0.955        4.639            0      419.260      233.364      200.519
      924        0.945        4.634            0      415.816      220.418      196.347
      925        1.026        4.669            1      421.285      250.402      198.215
      926        1.055        4.628            1      418.116      267.357      199.249
      927        0.876        4.696            0      421.661      252.392      195.416
      928        0.961        4.643            0      419.267      254.224      197.329
      929        1.013        4.656            0      421.821      253.036      205.082
      930        0.974        4.694            0      421.000      267.714      201.334
      931        1.045        4.688            1      423.172      262.375      200.920
      932        0.973        4.703            0      420.888      257.946      200.258
      933        1.060        4.657            0      420.382      286.624      200.735
      934        0.860        4.700            0      422.547      270.936      203.193
      935        0.962        4.717            0      423.813      298.654      196.913
      936        1.030        4.665            0      420.328      288.540      201.079
      937        0.996        4.697            1      424.876      285.430      202.382
      938        1.091        4.694            0      421.747      274.752      201.845
      939        1.138        4.746            0      423.507      322.724      199.070
      940        1.127        4.693            1      422.173      297.177      197.884
      941        1.092        4.620            0      420.128      298.255      205.507
      942        1.091        4.640            0      415.637      262.388      202.256
      943        1.000        4.643            0      418.282      302.634      197.857
      944        1.105        4.668            1      417.495      317.354      195.420
      945        1.121        4.686            1      422.044      297.062      196.047
      946        1.043        4.674            0      420.291      276.389      201.161
      947        1.053        4.677            0      420.027      287.857      198.915
      948        1.041        4.655            0      417.319      274.722      197.094
      949        0.980        4.673            0      421.955      279.829      198.449
      950        0.989        4.640            1      416.986      291.780      200.587
      951        0.999        4.686            1      420.413      267.913      198.124
      952        1.033        4.650            0      418.913      285.985      204.519
      953        1.112        4.647            0      416.554      290.603      196.434
      954        1.140        4.671            0      421.743      257.056      203.230
      955        0.983        4.669            1      421.015      252.090      201.058
      956        1.075        4.644            1      417.959      278.128      193.529
      957        1.102        4.691            1      421.371      296.601      197.411
      958        1.222        4.681            0      421.778      298.642      188.278
      959        0.928        4.670            0      421.565      298.630      205.034
      960        1.031        4.661            0      420.915      281.740      200.828
      961        0.960        4.627            0      417.269      279.952      198.639
      962        1.042        4.677            1      418.316      296.516      198.275
      963        1.038        4.711            0      424.043      316.404      194.549
      964        1.050        4.604            0      415.708      297.331      194.100
      965        1.038        4.653            0      419.930      274.258      189.474
      966        1.094        4.657            1      417.196      249.971      204.137
      967        1.006        4.656            0      418.191      251.827      197.261
      968        1.014        4.670            0      419.554      256.668      202.981
      969        0.902        4.678            0      421.593      232.808      198.504
      970        0.973        4.636            1      417.810      222.119      199.020
      971        0.940        4.667            0      420.941      271.641      198.930
      972        1.042        4.689            0      418.182      244.983      195.263
      973        0.918        4.661            0      417.813      255.256      200.764
      974        1.077        4.690            0      418.726      282.613      198.747
      975        0.906        4.679            0      420.516      276.400      198.122
      976        1.045        4.617            0      416.370      273.160      194.993
      977        0.980        4.660            0      417.504      263.847      201.197
      978        0.967        4.697            0      421.584      300.721      202.170
      979        0.921        4.668            0      419.645      261.872      197.147
      980        0.975        4.722            0      424.264      279.166      198.676
      981        0.985        4.741            0      427.115      254.558      204.979
      982        0.851        4.687            0      421.946      268.594      197.829
      983        0.903        4.665            1      422.621      281.942      197.440
      984        0.958        4.724            0      425.879      269.297      203.486
      985        0.958        4.633            1      419.262      256.146      204.300
      986        1.017        4.648            0      416.311      283.775      203.176
      987        1.036        4.659            1      417.399      285.258      196.689
      988        0.963        4.671            0      421.463      257.769      206.644
      989        0.953        4.695            0      421.726      286.715      196.727
      990        1.003        4.636            0      418.842      301.758      198.804
      991        1.001        4.709            0      422.391      265.531      197.454
      992        1.005        4.652            0      417.245      254.604      201.211
      993        0.907        4.646            0      421.437      280.589      198.222
      994        1.022        4.692            0      423.450      258.941      197.475
      995        1.004        4.660            0      417.683      253.743      196.354
      996        0.900        4.641            0      414.734      244.254      200.428
      997        1.078        4.707            1      424.998      266.824      200.459
      998        1.021        4.707            0      419.640      265.277      200.246
      999        0.916        4.660            0      421.241      255.722      197.728
     1000        0.937        4.689            0      420.283      250.916      203.834
