## Torsion are defined with the following atomIDs:
# dihed1: ai= 5185 aj= 3156 ak= 3178 al= 3155
# dihed2: ai= 3156 aj= 3178 ak= 3153 al= 3169
# dihed3: ai= 3152 aj= 3167 ak= 3166 al= 3165
# dihed4: ai= 3170 aj= 3168 ak= 3172 al= 3175
# dihed5: ai= 3162 aj= 3161 ak= 3157 al= 3151
# Frame#   dihed1   dihed2   dihed3   dihed4   dihed5
0   94.401  161.577   49.872  150.598  -48.550
1   81.779  161.507   65.321  140.615  -57.571
2   77.351  170.035   74.202  139.978  -51.607
3   84.444  157.458   62.036  143.073  -54.365
4   72.922  170.660   68.648  138.218  -51.373
5   79.840  170.598   64.724  147.012  -54.396
6   80.509  158.716   60.691  149.629  -59.023
7   83.290  175.586   47.236  156.214  -53.307
8   91.990  160.981   58.596  135.184  -70.377
9   88.259  163.690   48.359  155.823  -54.093
10   91.221  151.769   69.688  149.773  -50.852
11   94.683  174.576   58.374  138.353  -67.302
12  114.655  165.637   62.326  153.132  -57.471
13   72.938  147.962   72.318  149.041  -56.390
14   74.146  160.189   65.887  139.190  -60.240
15   83.323  143.216   74.521  137.395  -72.217
16   84.009  152.662   60.385  134.351  -39.432
17   79.794  154.454   52.355  130.737  -60.258
18   59.708  153.527   60.642  144.625  -56.980
19   85.485  157.420   54.247  153.911  -55.461
20   82.024  154.452   69.927  143.241  -51.879
21   91.215  144.205   57.359  144.251  -62.323
22  103.743  151.813   37.128  151.237  -56.590
23   77.653  157.098   49.140  155.808  -63.031
24   85.880  167.281   62.177  131.981  -62.744
25   91.146  162.053   60.046  153.871  -57.852
26   92.190  150.468   72.452  150.254  -71.125
27  101.349  158.849   64.506  137.878  -55.234
28   95.174  159.913   79.261  121.367  -66.472
29  100.569  157.632   75.225  149.593  -47.710
30   88.719  161.862   53.987  152.335  -69.424
31  101.786  145.542   56.352  148.192  -65.133
32   97.147  145.649   60.069  146.018  -51.341
33  114.552  153.458   63.214  145.007  -51.804
34   97.601  149.080   69.621  140.159  -53.173
35   97.686  158.045   57.297  132.958  -64.479
36   86.945  156.025   71.776  139.010  -55.853
37  122.546  148.441   64.989  140.731  -66.905
38   83.752  150.174   64.731  135.845  -58.763
39   87.968  160.016   60.541  135.545  -48.515
40  105.823  155.068   80.370  138.742  -65.621
41  105.047  148.510   67.261  142.633  -52.739
42   96.708  153.170   55.582  150.176  -63.179
43   81.128  144.591   91.294  148.249  -61.325
44   88.363  151.975   73.872  144.420  -56.935
45   79.123  159.854   63.675  143.609  -47.502
46   80.831  160.521   64.536  150.257  -49.055
47   90.959  159.076   68.569  144.921  -61.032
48  106.885  147.590   60.728  151.652  -58.124
49  103.612  158.658   68.458  138.088  -56.736
50   79.556  157.135   88.631  138.936  -60.470
51  103.421  150.411   81.855  142.090  -55.912
52   77.806  152.443   86.095  143.596  -67.152
53   83.591  153.862   71.851  152.948  -47.892
54   87.015  161.329   72.226  137.640  -48.814
55   81.975  151.332   83.162  139.166  -46.190
56   74.168  128.954   85.551  143.702  -33.505
57   73.783  135.075   75.043  143.256  -57.924
58 -175.343   75.459   68.029  134.453  -69.403
59   89.806  134.930   70.197  148.467  -71.646
60   73.659  134.847   81.002  150.764  -55.896
61   91.697  132.709   79.443  145.784  -62.149
62   76.967  139.945   73.724  149.612  -43.846
63   57.410  145.679   72.892  143.719  -54.262
64   72.771  129.830   64.034  159.355  -68.366
65   81.038  133.130   60.078  142.789  -53.013
66   68.572  123.018   63.455  151.760  -51.189
67   80.312  145.779   57.706  146.747  -67.189
68   67.118  135.071   72.695  154.330  -60.784
69   60.396  149.017   78.636  141.588  -56.324
70   75.147  145.236   78.115  148.214  -66.646
71   84.832  135.401   78.997  137.815  -63.520
72   98.487  158.850   87.813  148.842  -56.150
73   88.798  178.706   66.702  146.991  -59.909
74   95.077  160.680   63.438  139.522  -71.632
75  101.712  154.680   55.693  151.314  -66.884
76   89.350  151.910   60.542  146.940  -51.310
77  104.533  159.968   76.767  137.888  -63.238
78   71.136  166.348   69.697  143.248  -67.078
79   95.959  166.044   69.841  147.083  -51.943
80   87.994  171.344   82.892  125.830  -55.316
81  105.302  157.562   51.870  157.278  -64.781
82  106.753  165.438   75.902  141.814  -53.530
83   88.101   93.107   72.456  144.233  -62.291
84   73.855   96.742   45.621  157.857  -45.348
85   83.231  108.077   81.299  136.391  -70.974
86   77.461   93.354   77.413  143.530  -61.926
87   76.053   83.553   57.034  146.621  -75.899
88  101.897  159.717   66.072  157.452  -64.677
89   97.517  157.613   80.019  150.460  -70.295
90  105.347  159.974   51.953  152.649  -65.979
91  106.255  163.285   61.230  140.565  -58.732
92   92.208  157.102   82.173  156.232  -78.192
93  103.423  163.075   70.982  143.279  -61.091
94   93.171  157.727   62.453  151.743  -59.397
95   93.899  173.144   78.197  141.124  -68.957
96   80.327  162.945   81.362  140.959  -60.460
97   72.124  166.643   79.626  133.375  -59.382
98   85.896  165.585   61.732  151.868  -72.968
99   84.368  169.248   76.363  144.190  -54.455
100   82.400  168.104   59.340  138.283  -58.898
101  107.249  161.263   74.735  142.784  -68.648
102   80.454  165.887   76.850  146.513  -64.473
103   85.888  168.972   77.304  145.690  -76.688
104   97.224  170.586   99.225  143.619  -61.783
105   73.632  177.033   75.836  145.805  -55.005
106   74.043  169.881   80.191  142.414  -54.916
107  111.304  153.393   78.639  150.750  -56.592
108   82.042  167.098   85.242  148.886  -51.829
109   81.495  174.367   76.413  153.107  -51.786
110   94.610  169.672   63.349  158.552  -65.978
111   77.003  164.752   79.375  142.071  -51.949
112   71.225  173.852   76.023  142.168  -46.768
113   90.870  173.103   82.416  139.277  -48.285
114   68.315  176.439   78.572  145.387  -61.329
115   93.330  166.472   78.241  132.451  -51.304
116   75.404  175.005   85.013  145.086  -64.714
117   96.009  178.584   82.563  144.420  -44.759
118   93.638 -176.326   74.542  139.296  -45.385
119   73.389 -172.304   56.241  143.504  -68.359
120   61.150 -171.388   57.721  134.682  -50.967
121   76.610 -176.341   70.492  142.911  -68.180
122   85.743  175.614   64.292  152.956  -59.213
123   75.498 -173.099   68.587  141.412  -68.135
124   64.193 -179.546   63.021  147.323  -44.880
125   72.014 -169.268   74.459  131.938  -57.054
126   74.650 -178.479   59.938  151.860  -58.449
127   68.308 -176.791   79.339  135.771  -57.344
128   87.994  171.467   58.224  151.398  -61.540
129   78.525  177.944   62.755  144.564  -54.626
130   84.872  178.835   66.543  141.059  -65.609
131   68.979  176.135   60.015  146.836  -62.076
132   85.429  176.413   71.962  142.384  -58.871
133   77.641  177.365   57.413  150.070  -55.657
134   95.982  174.990   75.930  135.387  -69.847
135   72.589  175.227   68.747  123.577  -64.965
136   68.905 -178.110   46.964  138.426  -49.199
137   58.680 -169.981   64.174  143.634  -65.172
138   70.867  176.221   56.592  144.052  -43.415
139   77.085  178.711   60.870  133.631  -57.401
140   78.838  178.497   62.542  137.227  -61.507
141   66.754 -179.714   69.943  154.180  -66.765
142   52.276 -166.776   66.941  123.524  -72.398
143   77.149  170.664   70.382  151.392  -70.077
144   71.897 -173.455   63.395  143.869  -69.262
145   74.712 -174.539   71.419  149.075  -58.203
146   49.080 -168.126   63.399  133.731  -56.670
147   53.398 -164.803   77.253  142.978  -68.479
148   58.024 -172.123   63.157  147.982  -54.218
149   54.460  174.133   77.616  132.204  -73.377
150   45.555  173.239   67.385  147.457  -64.914
151   31.301 -172.968   60.248  165.958  -61.720
152   35.248 -169.784   71.615  150.883  -76.596
153   57.239 -167.905   75.787  141.230  -56.286
154   56.079 -165.214   84.654  144.711  -63.233
155   61.741 -158.531   66.013  145.197  -68.772
156   42.240 -173.643   54.103  159.253  -73.908
157   42.810 -168.476   82.421  148.835  -81.825
158   41.536 -146.493   61.615  147.030  -64.405
159   49.644 -166.922   60.067  156.147  -74.411
160   37.187 -155.969   74.793  143.185  -67.885
161   49.935 -172.465   76.769  149.524  -61.434
162   56.732 -158.337   69.153  148.750  -66.124
163   27.220 -167.862   91.175  140.669  -53.475
164   51.037 -171.062   62.850  145.307  -62.689
165   46.159 -163.415   69.170  146.447  -64.664
166   44.553 -158.040   71.100  145.525  -56.314
167   39.562 -176.488   60.546  141.825  -56.792
168   30.873 -178.070   69.906  147.134  -62.230
169    1.709 -152.488   62.892  141.492  -66.392
170   42.218  171.550   93.568  126.397  -79.271
171   34.155 -179.084   63.844  138.263  -69.065
172   69.197  174.471   68.009  158.324  -45.888
173   28.919  178.923   65.955  132.803  -59.750
174   32.388 -177.433   62.909  159.053  -59.593
175   49.330 -166.573   77.649  128.971  -60.387
176   42.525 -164.624   85.004  141.642  -69.666
177   41.851 -171.890   72.184  150.975  -55.197
178  -50.150  -87.460   75.031  144.013  -61.624
179  -38.384 -150.522   70.887  129.449  -56.065
180  -43.320 -110.767   81.727  140.569  -59.862
181  -32.277 -159.155   54.322  141.080  -61.180
182  -54.226 -158.328   75.402  132.789  -64.392
183  -48.099 -158.819   58.977  137.331  -67.220
184  -48.462 -163.267   61.697  150.617  -77.312
185  -27.153 -154.566   83.687  156.876  -64.216
186  -43.258  -99.297   59.327  140.281  -62.597
187  -69.146 -137.538   75.961  137.242  -55.723
188  -61.859 -121.232   93.402  148.286  -64.964
189  -57.424 -125.855   85.081  131.047  -63.623
190  -37.805 -105.047   69.699  146.103  -50.718
191  -54.508 -107.715   85.292  134.369  -52.591
192  -55.035 -121.055   75.577  140.230  -65.571
193  -67.158  -99.715   71.756  143.783  -50.113
194  -64.096 -129.037   67.234  133.263  -59.202
195  -42.453 -153.337   77.941  150.315  -59.989
196  -48.294 -143.123   64.047  153.119  -49.365
197  -44.002 -141.088   72.630  145.130  -60.348
198  -46.224 -150.850   60.263  151.535  -54.994
199  -55.428 -152.867   65.313  130.246  -54.834
200  -60.445 -129.783   62.632  143.228  -68.229
201  -62.126 -152.727   73.179  152.763  -64.269
202  -45.932 -146.004   84.357  142.186  -64.381
203  -56.748 -141.027   79.616  155.079  -50.405
204  -64.052 -127.479   66.461  153.513  -70.558
205  -41.671  -98.605   84.028  134.325  -60.365
206  -46.616  -91.888   93.456  145.720  -59.693
207  -41.755 -121.718   73.561  152.279  -60.703
208  -61.824 -115.707  105.955  138.271  -69.297
209  -43.828 -123.230   69.523  143.248  -70.404
210  -37.213 -113.083   51.324  139.781  -60.511
211  -40.270  -99.328   74.081  133.243  -72.895
212  -68.649 -122.174   95.060  137.854  -63.142
213  -58.838 -126.286   73.340  141.841  -60.450
214  -53.474 -123.559   58.690  145.358  -41.066
215  -59.921  -98.031   86.375  144.735  -65.820
216  -55.901 -117.542   70.566  150.772  -63.697
217  -71.364 -108.054   77.186  141.466  -73.319
218  -49.576 -103.924   72.518  153.060  -59.974
219  -59.405 -112.993   87.359  126.411  -52.242
220  -57.037 -114.616   86.730  149.808  -74.661
221  -47.601 -117.916   72.426  142.410  -58.220
222  -54.507 -119.521   89.758  133.306  -46.436
223  -60.534 -111.216   76.963  146.391  -50.138
224  -59.587 -127.046   89.074  148.493  -59.281
225  -47.692 -127.880   68.177  153.004  -65.601
226  -59.245 -118.004   81.624  143.118  -55.518
227  -59.063 -133.860   75.375  133.648  -52.332
228  -31.608 -113.734   87.085  154.561  -62.469
229  -55.798 -112.005   79.367  138.892  -62.141
230  -41.827 -104.096   85.918  127.157  -57.911
231  -56.210 -121.792   74.636  144.887  -45.205
232  -44.455  -93.408   88.565  135.140  -61.207
233  -45.966 -102.376   57.012  148.604  -62.571
234  -69.548 -113.180   83.574  144.192  -57.590
235  -58.892 -120.066   85.138  144.855  -59.583
236  -51.493 -119.116   52.939  146.491  -79.211
237  -47.473  -96.550   91.781  141.813  -42.642
238  -55.674 -115.464   66.727  144.812  -53.228
239  -41.806 -111.983   79.592  153.798  -69.183
240  -53.051 -116.832   75.065  147.984  -62.432
241  -44.204 -115.475   79.824  148.931  -61.791
242  -55.293 -124.471   80.624  136.589  -57.970
243  -43.746  -97.792   71.819  146.838  -55.151
244  -61.774 -129.867   76.604  150.659  -67.434
245  -41.525  -91.073   78.487  150.896  -52.956
246  -22.502 -105.471   71.329  142.441  -63.325
247  -64.852 -122.954   54.431  132.705  -50.085
248  -50.643 -120.283   79.549  131.165  -69.214
249  -50.978 -107.079   59.515  145.230  -55.678
250  -38.662 -122.445   89.243  128.248  -58.534
251  -31.305 -103.449   59.019  147.991  -57.440
252  -55.116 -124.421   64.578  157.569  -57.954
253  -67.464 -113.335   84.893  153.824  -60.600
254  -62.803  -97.608   66.212  152.319  -70.321
255  -58.706 -121.276   73.885  136.537  -65.648
256  -35.377 -107.370   71.636  138.961  -54.569
257  -49.047 -102.445   68.852  142.830  -80.618
258  -54.793 -114.897   66.827  155.624  -69.986
259  -41.191 -101.360   74.554  136.901  -67.739
260  -57.014 -107.619   59.046  152.972  -57.538
261  -45.107  -92.620   64.932  140.743  -66.945
262  -45.035  -94.453   74.398  150.857  -65.179
263  -53.254  -96.409   72.001  141.905  -57.888
264  -68.403 -123.364   74.925  141.549  -60.831
265  -28.637  -97.883   61.950  146.491  -58.632
266  -48.187 -116.062   78.018  158.274  -67.983
267  -49.397 -106.055   84.461  134.703  -57.841
268  -36.362 -103.784   74.349  133.364  -54.297
269  -40.831 -105.319   54.150  148.894  -52.463
270  -48.929 -107.012   70.891  143.344  -67.914
271  -47.547 -119.715   74.462  136.040  -60.542
272  -53.641 -113.454   70.560  146.768  -59.280
273  -57.378 -104.933   84.115  150.807  -54.164
274  -67.219 -116.024   92.538  141.424  -61.017
275  -61.070 -111.246   77.264  156.282  -43.512
276  -35.834 -117.575   65.598  164.035  -64.091
277  -57.271 -116.841   78.159  149.653  -52.237
278  -49.527 -123.181   87.176  141.295  -69.461
279  -57.239 -130.947   69.461  129.760  -72.045
280  -64.346 -131.761   69.007  142.301  -57.166
281  -57.761 -107.417   80.338  148.939  -52.592
282  -55.253 -101.320   85.562  124.980  -51.889
283  -60.996 -125.775   83.696  142.014  -72.546
284  -50.192  -93.729   61.302  140.008  -63.793
285  -58.626 -115.141   70.245  131.943  -64.648
286  -53.801 -106.784   69.794  134.796  -63.384
287  -56.248 -121.255   64.993  154.361  -53.451
288  -70.674 -106.191   69.487  143.591  -67.148
289  -66.957 -117.377   78.750  126.627  -74.291
290  -67.033 -114.322   85.021  143.484  -68.608
291  -61.826 -112.169   84.618  138.525  -65.981
292  -78.305 -120.278   66.978  146.958  -56.350
293  -54.965 -103.090   91.346  140.491  -61.323
294  -76.105 -120.394   77.209  131.015  -61.342
295  -54.043 -103.361   69.782  138.387  -67.855
296  -63.106 -119.749   75.860  136.972  -61.544
297  -58.750 -105.643   89.981  147.903  -69.131
298  -59.253 -111.527   58.807  148.996  -59.746
299  -19.848  -87.129   70.554  131.638  -64.586
300  -53.388 -108.797   85.241  135.392  -49.280
301  -25.145  -96.999   79.363  135.170  -48.883
302  -57.136 -116.292   99.551  131.362  -61.921
303  -78.568 -126.538   74.252  140.419  -56.222
304  -49.791 -101.068   65.267  147.255  -57.767
305  -61.694 -115.105   69.706  138.543  -53.446
306  -72.410 -108.383   85.044  134.945  -65.771
307  -52.580  -99.263   74.276  143.150  -45.022
308  -57.494 -107.811   67.931  136.919  -65.430
309  -53.963 -104.656   74.502  141.981  -55.297
310  -70.302 -126.558   71.362  134.447  -57.242
311  -42.811  -98.156   74.376  151.786  -50.421
312  -67.470 -120.854   73.799  136.956  -52.216
313  -28.763 -106.756   71.437  141.452  -58.225
314  -51.905 -107.268   75.293  138.696  -63.670
315  -42.557 -110.240   62.256  143.259  -74.306
316  -57.408 -115.012   71.677  139.931  -71.442
317  -61.726 -123.826   60.815  136.408  -68.187
318  -38.170  -87.347   70.755  145.635  -56.613
319  -41.460 -110.194   62.999  138.005  -68.285
320  -48.074 -100.313   78.231  130.717  -52.816
321  -61.465 -108.403   63.855  146.794  -59.486
322  -45.569  -91.531   67.426  145.079  -54.544
323  -51.049  -93.759   63.586  141.913  -51.106
324  -53.986 -106.101   66.036  143.372  -44.746
325  -58.616  -95.365   73.006  136.024  -54.944
326  -53.833 -115.237   68.710  151.409  -53.956
327  -57.819  -92.973   57.158  161.615  -52.775
328  -42.292  -93.222   72.925  152.219  -62.615
329  -47.249 -121.097   73.186  153.732  -56.291
330  -57.922  -97.257   61.231  149.354  -50.177
331  -51.896  -96.612   61.359  153.833  -52.669
332  -44.981 -113.683   61.102  139.855  -82.356
333  -64.956 -112.459   89.820  152.999  -59.294
334  -40.616 -101.030   65.709  131.554  -51.871
335  -52.534 -107.871   55.955  146.844  -49.740
336  -46.241 -100.098   54.167  135.560  -57.260
337  -52.090 -105.781   54.552  151.627  -57.170
338  -62.672 -110.472   71.343  135.114  -54.298
339  -72.028 -118.289   73.305  130.621  -57.805
340  -48.260  -87.618   81.723  143.959  -69.302
341  -40.598 -113.116   54.552  144.768  -48.931
342  -67.072 -114.612   85.576  138.988  -71.769
343  -61.659  -90.404   76.138  142.493  -60.436
344  -38.099 -116.282   60.482  130.292  -54.364
345  -34.625 -106.431   62.609  149.172  -67.290
346  -67.387  -98.738   63.379  145.964  -60.831
347  -79.065 -123.648   61.795  140.751  -54.123
348  -47.584 -113.573   58.502  145.355  -51.198
349  -60.407 -104.613   61.551  150.559  -52.711
350  -53.937  -98.103   60.688  141.651  -44.889
351  -61.182 -119.550   78.601  131.509  -65.510
352  -46.558 -111.815   73.759  148.830  -68.504
353  -51.618 -109.592   88.295  138.844  -93.757
354  -27.569 -102.330   78.151  143.904  -63.239
355  -52.189 -112.707   76.965  135.899  -64.823
356  -67.173 -124.393   59.274  135.397  -52.076
357  -55.988 -113.589   71.965  156.457  -70.358
358  -55.027 -106.121   84.601  147.315  -51.139
359  -51.501 -100.236   74.008  147.243  -63.424
360  -45.920 -103.301   56.916  145.643  -45.073
361  -56.331 -102.331   57.820  140.155  -46.448
362  -31.310 -113.086   72.361  143.781  -46.852
363  -59.397  -77.751   68.925  144.304  -54.857
364  -53.553 -102.574   85.353  138.309  -65.482
365  -66.150  -89.568   64.189  145.653  -54.979
366  -34.339 -106.686   58.346  150.477  -59.213
367  -57.192  -97.740   67.272  151.585  -64.776
368  -44.925  -91.001   62.731  128.635  -51.050
369  -63.722 -107.630   66.497  152.181  -61.039
370  -51.963 -104.760   77.919  133.747  -59.556
371  -62.902 -118.672   70.142  143.586  -49.635
372  -60.622  -99.484   70.930  137.654  -64.826
373  -45.818 -109.147   85.168  139.653  -65.291
374  -64.348 -110.144   71.988  142.333  -56.441
375  -74.674  -97.010   76.959  146.100  -63.104
376  -69.799  -92.648   85.401  131.868  -72.069
377  -61.800  -95.665   80.619  143.237  -64.848
378  -63.767 -113.428   64.162  148.153  -70.141
379  -60.853  -90.425   79.004  137.346  -47.857
380  -69.492 -104.956   66.661  147.503  -53.313
381  -58.657 -105.119   78.178  136.532  -70.410
382  -50.554 -114.070   75.217  139.298  -62.956
383  -49.351 -101.929   66.519  142.865  -48.581
384  -58.901 -107.205   72.074  139.029  -56.864
385  -55.193 -118.874   68.780  141.336  -71.978
386  -44.459 -112.791   52.832  151.136  -62.616
387  -68.236 -110.833   81.571  145.919  -62.090
388  -45.588  -84.130   71.164  147.203  -67.251
389  -50.714 -104.810   56.688  144.132  -47.189
390  -54.139 -108.905   86.719  136.882  -64.402
391  -54.658 -109.751   68.096  142.323  -71.817
392  -56.422  -80.557   74.184  138.135  -46.313
393  -49.408 -108.400   81.085  137.331  -69.436
394  -45.690 -113.115   57.121  145.273  -60.686
395  -52.337 -106.883   63.154  135.265  -64.682
396  -53.003 -101.911   73.529  127.225  -61.012
397  -55.191 -103.744   81.868  121.555  -66.156
398  -57.103 -106.730   71.320  143.918  -47.301
399  -60.571 -109.729   73.466  144.522  -60.686
400  -57.968  -89.310   74.580  137.401  -71.829
401  -48.315  -95.592   79.823  124.679  -75.335
402  -40.768 -115.324   66.658  140.647  -61.539
403  -74.501 -117.058   70.400  142.879  -58.671
404  -71.851 -102.271   57.306  144.374  -54.153
405  -53.492  -84.641   84.286  140.243  -72.542
406  -48.455  -99.375   59.127  134.775  -53.252
407  -59.297 -113.547   71.609  147.492  -69.293
408  -39.379  -85.584   64.018  137.727  -69.278
409  -61.723  -91.544   64.247  145.845  -45.372
410  -45.272  -86.075   58.101  145.498  -47.007
411  -60.617  -99.406   70.501  141.653  -79.382
412  -61.256 -102.976   65.369  146.501  -52.507
413  -57.245 -108.877   76.210  126.619  -64.687
414  -30.512  -91.919   63.734  154.032  -66.793
415  -49.116 -119.977   77.089  127.182  -60.906
416  -45.652 -108.537   50.302  151.172  -59.014
417  -43.677 -108.895   68.654  132.393  -77.030
418  -57.064 -135.053   80.372  150.266  -48.229
419  -40.544  -96.990   59.809  147.657  -48.713
420  -56.216 -103.334   71.139  148.475  -67.833
421  -45.791 -103.150   77.785  140.031  -62.820
422  -64.489 -105.801   76.364  136.285  -61.722
423  -53.393  -88.187   82.293  122.849  -69.307
424  -66.724 -108.741   68.546  148.867  -70.163
425  -60.804  -92.756   63.078  166.820  -53.141
426  -40.939  -95.618   92.196  145.329  -64.972
427  -55.226  -99.672   67.995  150.700  -56.718
428  -57.303  -90.481   71.294  153.324  -57.423
429  -62.780 -122.302   66.607  138.065  -55.888
430  -60.746 -116.360   69.795  140.434  -70.274
431  -60.846 -110.583   69.922  131.166  -56.757
432  -58.089 -102.393   77.175  148.616  -68.671
433  -65.226 -130.176   60.050  140.660  -61.479
434  -48.565 -106.493   68.487  146.803  -66.282
435  -55.899 -103.379   62.381  151.424  -50.271
436  -70.135 -100.787   65.074  144.285  -54.901
437  -56.415 -108.434   56.213  153.311  -58.063
438  -61.339 -103.944   58.495  140.654  -65.826
439  -59.335 -115.707   60.427  135.409  -76.879
440  -61.411 -114.292   75.729  133.732  -54.809
441  -60.017 -113.188   62.866  138.997  -50.716
442  -63.224  -91.440   75.170  135.795  -56.199
443  -65.551 -110.331   74.681  141.143  -58.909
444  -53.802 -108.390   62.842  143.277  -45.664
445  -53.022 -107.628   80.079  140.853  -57.362
446  -78.147 -103.632   58.366  136.276  -43.557
447  -58.886 -107.682   62.958  136.147  -47.531
448  -54.439  -95.957   75.897  144.328  -75.035
449  -36.574 -103.705   77.468  134.261  -49.478
450  -53.929 -114.826   73.095  149.812  -64.396
451  -56.296 -105.913   71.568  144.570  -59.603
452  -70.255 -133.368   71.087  142.583  -42.674
453  -47.352 -105.753   60.659  149.397  -48.290
454  -53.329 -113.740   63.577  143.254  -49.273
455  -62.527 -114.786   84.356  141.062  -58.253
456  -51.603 -103.251   76.381  134.709  -69.479
457  -57.748  -95.070   82.281  132.394  -58.798
458  -44.444  -91.085   74.941  150.957  -63.288
459  -56.898  -99.538   87.359  131.792  -56.651
460  -52.078 -100.980   59.414  148.813  -54.961
461  -66.489 -113.420   69.043  139.495  -59.878
462  -58.195 -121.402   62.930  146.304  -50.588
463  -59.463 -105.171   64.068  143.160  -55.363
464  -50.091 -112.898   75.995  142.831  -60.852
465  -48.412  -81.367   64.052  147.517  -80.787
466  -60.541 -117.726   75.350  139.333  -70.295
467  -61.063 -109.778   63.151  153.023  -58.901
468  -69.440 -107.015   82.508  153.118  -63.675
469  -59.836 -110.211   76.625  137.607  -61.695
470  -61.480 -114.867   71.459  154.875  -59.469
471  -64.618 -117.721   60.929  143.390  -45.727
472  -53.910 -125.586   61.376  142.665  -52.712
473  -51.054 -116.200   68.317  150.963  -64.055
474  -70.409 -116.262   72.707  144.469  -64.133
475  -64.153 -129.109   80.366  150.005  -67.432
476  -66.115 -126.587   65.559  140.474  -58.923
477  -57.616 -117.106   80.324  139.460  -59.651
478  -64.879 -114.081   75.826  143.743  -60.751
479  -64.503 -106.556   67.644  140.925  -47.524
480  -52.989 -109.116   82.453  131.426  -46.193
481  -52.623 -106.098   72.474  142.276  -53.732
482  -49.031 -115.530   70.648  135.844  -60.014
483  -50.991 -105.497   60.925  151.940  -49.641
484  -54.211 -105.241   76.716  141.216  -49.983
485  -47.464 -101.006   70.987  153.211  -47.382
486  -54.796 -101.405   57.161  154.869  -52.624
487  -45.439 -100.261   95.651  137.318  -52.875
488  -42.985  -97.837   58.384  135.445  -63.487
489  -44.169 -103.675   59.040  149.480  -51.328
490  -67.304 -114.613   78.156  146.664  -57.149
491  -51.159 -111.721   52.693  153.782  -54.289
492  -63.570  -96.468   76.992  138.184  -53.338
493  -66.567 -105.726   76.629  134.182  -61.381
494  -53.613 -102.001   79.288  126.267  -63.452
495  -48.052 -117.112   73.331  152.525  -68.010
496  -67.565 -112.476   73.558  136.329  -83.499
497  -39.523 -107.843   69.380  142.963  -57.569
498  -47.133 -101.782   61.997  134.012  -54.653
499  -70.650 -119.532   60.620  138.708  -47.074
500  -55.263 -102.403   69.322  133.804  -57.559
501  -56.721 -101.835   76.282  137.901  -63.355
502  -66.110 -106.608   58.477  131.590  -58.823
503  -52.763 -103.727   71.731  133.627  -62.340
504  -47.467 -116.555   76.387  138.420  -68.393
505  -52.029  -98.075   78.336  152.937  -45.188
506  -50.778  -97.028   65.802  140.876  -53.367
507  -61.056 -102.157   65.520  141.199  -62.322
508  -44.521 -110.668   70.382  150.993  -50.136
509  -65.010 -114.396   60.600  155.714  -44.284
510  -44.793  -94.570   71.848  134.894  -45.278
511  -53.873 -100.042   64.588  134.025  -68.739
512  -56.039 -111.180   69.120  127.546  -50.967
513  -64.756  -99.079   88.312  141.051  -60.430
514  -49.012  -85.709   63.557  149.198  -46.150
515  -56.704  -94.630   76.928  134.454  -54.639
516  -53.170  -97.738   58.858  153.920  -46.807
517  -76.824 -102.136   75.142  135.067  -51.461
518  -67.792  -98.688   68.835  133.582  -66.010
519  -64.979 -116.811   70.725  138.240  -49.463
520  -63.555  -89.868   57.672  141.836  -54.391
521  -50.432 -100.244   75.510  145.261  -51.785
522  -61.996 -102.732   83.304  128.634  -59.068
523  -50.305 -102.937   69.822  138.725  -48.359
524  -86.807 -113.606   77.416  145.166  -57.866
525  -67.948 -118.827   73.713  147.237  -45.958
526  -65.729 -114.558   90.699  137.683  -58.865
527  -41.814 -103.047   70.342  152.569  -50.142
528  -59.626  -98.196   49.493  141.866  -46.030
529  -51.643 -108.749   57.106  143.340  -52.058
530  -54.565  -86.570   68.218  137.944  -63.521
531  -70.807 -102.322   64.659  152.696  -55.479
532  -54.629 -113.244   79.247  149.072  -50.855
533  -63.409 -108.195   73.931  118.352  -54.850
534  -59.322 -112.121   89.070  136.040  -69.607
535  -57.878 -108.693   74.747  143.178  -66.141
536  -51.698 -123.512   67.370  150.401  -42.788
537  -62.395  -99.293   57.228  146.782  -54.597
538  -60.049 -104.397   80.481  144.157  -55.544
539  -50.129  -86.619   68.003  141.553  -51.486
540  -71.020 -100.010   57.154  140.342  -47.493
541  -48.290  -93.216   69.343  139.065  -60.983
542  -62.234 -104.157   65.160  152.654  -58.624
543  -64.859 -111.886   68.183  152.380  -55.046
544  -73.726 -112.680   70.640  144.915  -64.144
545  -67.902 -112.103   68.942  138.634  -54.590
546  -65.621 -111.488   93.368  136.952  -61.461
547  -54.438  -85.645   69.163  142.007  -46.955
548  -59.009 -111.774   67.750  152.645  -61.231
549  -67.737 -121.968   66.942  138.665  -45.462
550  -35.085 -105.478   84.858  126.023  -87.379
551  -84.249 -102.809   62.770  137.077  -46.503
552  -63.176 -107.804   73.579  128.102  -59.467
553  -44.316  -95.106   56.845  134.218  -48.329
554  -44.935 -104.055   55.866  159.657  -34.476
555  -53.956 -101.739   93.365  130.517  -71.709
556  -50.171  -97.335   67.781  144.978  -52.261
557  -46.535 -103.038   72.160  154.319  -49.243
558  -44.495 -105.269   84.711  142.804  -60.841
559  -66.415 -105.180   55.838  137.605  -54.053
560  -62.612  -97.727   64.876  137.363  -54.127
561  -67.198 -106.106   66.993  139.034  -53.544
562  -47.212 -103.776   70.843  138.685  -62.967
563  -64.136 -125.999   86.029  137.270  -78.224
564  -70.882 -127.298   69.912  151.595  -57.619
565  -44.589 -122.616   55.150  146.695  -68.057
566  -49.932 -101.333   88.721  140.691  -53.633
567  -44.448 -103.265   76.274  146.044  -56.548
568  -48.160 -124.476   69.422  151.199  -60.403
569  -56.705 -119.860   75.397  145.450  -57.438
570  -59.205 -111.390   89.044  131.723  -70.681
571  -38.129 -124.052   74.294  138.618  -47.540
572  -61.435  -89.105   75.260  151.909  -53.814
573  -65.707 -100.716   75.403  136.089  -46.360
574  -48.299  -93.965   77.247  151.607  -61.691
575  -56.914 -108.555   73.829  130.675  -52.423
576  -45.420 -107.580   78.655  131.093  -58.403
577  -76.821 -104.950   56.129  145.072  -46.723
578  -41.678  -96.776   84.006  134.661  -63.660
579  -57.197 -117.862   67.788  146.295  -63.014
580  -71.384 -127.704   69.210  135.411  -51.138
581  -66.797 -118.146   74.833  146.799  -50.380
582  -52.616 -105.978   70.332  128.293  -62.638
583  -68.731 -117.204   52.240  137.600  -60.521
584  -68.296 -121.023   71.760  130.646  -51.109
585  -36.778 -105.634   68.603  148.766  -57.182
586  -65.255 -129.645   62.889  152.503  -63.017
587  -60.537 -127.797   59.382  143.431  -46.998
588  -55.798 -107.893   68.405  154.535  -60.193
589  -50.066 -121.027   62.443  146.643  -55.187
590  -70.394 -111.073   63.395  126.920  -61.370
591  -58.408 -132.637   52.237  135.586  -56.835
592  -75.550 -118.637   55.810  146.788  -49.830
593  -60.065 -118.241   64.784  148.480  -57.224
594  -62.589 -153.824   75.792  133.030  -62.732
595  -65.902 -108.944   82.584  119.980  -82.096
596  -71.275 -126.321   66.555  151.216  -56.389
597  -51.486 -110.335   72.004  143.234  -49.071
598  -56.986 -114.447   64.031  137.219  -56.686
599  -46.965 -107.583   75.165  142.731  -59.979
600  -68.357 -120.290   65.813  132.426  -66.950
601  -63.221 -115.007   79.941  142.816  -52.490
602  -61.419 -126.629   78.009  135.069  -67.759
603  -62.905 -141.070   76.262  154.940  -59.472
604  -56.149 -120.716   66.697  149.891  -49.967
605  -76.288 -119.356   73.123  154.350  -49.438
606  -51.541 -111.009   76.446  136.395  -53.889
607  -56.933 -113.124   80.862  153.515  -57.777
608  -56.868 -120.752   81.161  140.240  -79.322
609  -49.076 -122.760   77.147  143.698  -53.861
610  -47.954 -106.369   73.403  134.441  -61.083
611  -67.029 -130.088   86.188  137.583  -62.973
612  -57.870 -114.520   79.021  132.724  -48.509
613  -32.448 -115.665   76.830  144.768  -59.129
614  -54.971 -115.156   88.917  142.095  -48.751
615  -42.784 -101.713   75.227  157.087  -55.976
616  -53.390 -108.857   94.445  153.219  -74.486
617  -56.781 -110.760   75.559  134.915  -71.354
618  -62.871 -129.432   65.594  146.829  -73.139
619  -60.013 -123.138   72.325  142.436  -59.652
620  -59.137 -108.202   68.086  152.488  -57.368
621  -47.156 -107.535   88.799  137.982  -82.509
622  -55.963 -111.579   81.309  137.535  -68.505
623  -59.082 -105.667   80.191  132.077  -44.997
624  -71.859 -115.391   82.725  140.873  -53.925
625  -62.979 -125.639   87.138  146.961  -61.807
626  -56.326 -124.923   89.612  153.550  -65.618
627  -59.344 -119.369   75.131  148.782  -37.070
628  -63.517 -116.394   68.236  138.745  -64.291
629  -70.220 -123.025   78.587  134.063  -61.884
630  -32.950 -115.457   99.601  134.967  -75.573
631  -59.610 -109.430   85.094  149.898  -69.957
632  -40.228 -108.937   91.293  152.033  -55.788
633  -57.627 -126.591   80.954  142.383  -66.149
634  -62.310 -126.294   67.394  135.147  -54.254
635  -51.813 -100.091   69.757  128.181  -49.273
636  -43.054 -108.576   81.935  141.165  -60.217
637  -51.050 -129.086   66.472  153.634  -73.624
638  -42.013 -121.496   77.593  148.031  -66.973
639  -44.364 -116.447   78.915  136.144  -66.657
640  -43.260 -111.911   91.052  146.375  -53.223
641  -45.502  -94.251   94.216  143.922  -74.001
642  -49.373 -109.815   71.409  145.645  -57.992
643  -52.601 -130.515   70.821  142.856  -76.443
644  -47.576 -110.817   81.956  145.865  -56.479
645  -57.597 -105.508   67.865  148.384  -72.250
646  -58.269 -117.729   87.993  154.546  -67.865
647  -63.487 -136.125   88.917  150.945  -65.126
648  -64.060 -118.947   68.657  143.837  -54.117
649  -68.363 -116.699   77.659  139.136  -57.624
650  -41.870 -113.321   78.775  142.845  -48.646
651  -36.136 -112.044   65.218  157.174  -61.674
652  -58.653 -109.588   83.338  138.977  -76.420
653  -57.668 -113.674   49.512  149.085  -57.113
654  -67.245 -132.425   70.281  151.715  -66.731
655  -54.961 -111.762   67.706  149.458  -57.991
656  -68.937 -109.702   89.697  149.330  -63.368
657  -46.511 -102.898   76.371  135.294  -64.742
658  -59.952 -107.231   72.822  143.476  -56.056
659  -22.896 -108.620   67.053  141.028  -67.990
660  -53.224 -117.431   75.355  140.003  -71.792
661  -43.955 -119.717   79.528  156.908  -68.616
662  -45.638 -109.788   78.850  139.327  -56.950
663  -64.122 -115.501   60.889  148.415  -67.252
664  -47.559 -107.164   72.872  158.870  -63.026
665  -38.012 -110.256   82.812  150.509  -53.292
666  -49.907 -115.575   72.606  137.841  -54.898
667  -51.089 -107.040   74.511  146.073  -65.314
668  -55.466 -119.684   98.643  140.755  -63.438
669  -54.026 -100.035   70.803  139.694  -66.575
670  -72.401  -99.329   58.961  144.155  -48.375
671  -51.090 -103.370   73.901  139.547  -58.005
672  -66.894 -117.275   72.135  132.465  -65.131
673  -60.494 -120.177   84.005  135.724  -71.060
674  -86.600 -121.815   67.120  146.553  -57.554
675  -55.230 -100.353   67.876  155.014  -64.609
676  -72.375 -119.689   63.459  138.017  -55.575
677  -48.009 -117.213   64.331  157.484  -56.756
678  -58.010 -126.732   59.487  135.780  -59.983
679  -46.219  -97.435   63.462  141.698  -49.321
680  -49.837 -113.967   72.070  146.370  -62.341
681  -84.131 -115.168   62.570  132.356  -65.114
682  -73.005 -119.270   61.996  157.930  -66.401
683  -72.926 -121.855   76.566  130.770  -61.328
684  -65.810 -111.984   69.687  148.871  -48.611
685  -51.945  -93.567   69.625  157.961  -58.050
686  -52.550 -108.664   72.593  141.940  -58.879
687  -49.420 -100.391   62.175  141.016  -59.198
688  -78.658 -104.620   66.321  145.980  -62.406
689  -63.808 -110.322   78.633  148.901  -61.771
690  -63.629  -88.854   71.411  146.977  -68.207
691  -68.075 -108.947   61.405  147.585  -54.422
692  -84.692 -150.738   79.474  142.071  -59.004
693  -59.307 -132.463   64.002  144.256  -49.459
694  -34.803 -139.700   80.450  139.998  -68.006
695  -66.428 -122.924   69.710  161.202  -62.405
696  -68.899 -137.885   78.411  134.799  -97.364
697  -76.641 -147.086   52.169  149.364  -53.397
698  -70.329 -133.664   60.253  155.063  -65.442
699  -59.333 -153.405   61.370  131.144  -73.438
700  -95.300 -128.347   84.965  147.952  -64.306
701  -75.080 -154.585   63.842  153.050  -76.251
702  -83.907 -136.983   74.233  133.116  -77.897
703  -57.226 -144.937   60.271  141.236  -61.738
704  -65.555 -153.378   83.682  137.892  -87.318
705  -58.090 -148.584   65.727  137.232  -55.979
706  -44.712 -160.186   74.023  147.241  -66.278
707  -77.346 -139.362   68.039  151.253  -51.779
708  -55.582 -135.062   43.980  143.698  -53.695
709  -53.428 -154.359   68.863  145.919  -64.446
710  -88.747 -144.572   78.887  139.463  -59.598
711  -63.769 -112.197   67.363  138.147  -81.470
712  -78.046 -126.871   59.804  140.127  -56.097
713  -79.299  -95.161   76.014  136.164  -77.841
714  -57.064 -147.020   51.327  152.353  -71.657
715  -95.405 -145.819   76.989  131.303  -67.818
716  -70.447 -144.579   60.587  149.118  -62.282
717  -80.949 -152.219   69.177  144.620  -38.399
718  -58.533 -134.901   69.481  143.041  -64.258
719  -75.310 -141.151   70.637  138.173  -58.995
720  -57.414 -159.729   64.336  153.167  -74.422
721  -98.545 -143.764   56.435  154.915  -62.197
722  -60.785 -134.168   70.720  155.899  -68.759
723  -94.495 -130.051   75.976  143.703  -46.324
724  -55.923 -133.642   61.574  148.178  -51.906
725  -52.344 -158.405   64.274  154.092  -51.244
726  -66.948 -139.268   60.259  145.329  -39.530
727  -55.357 -145.872   51.132  143.148  -69.243
728  -31.710 -139.058   75.586  146.944  -43.735
729  -81.500 -139.046   65.087  131.932  -47.856
730  -76.047 -147.052   69.151  127.523  -63.222
731  -63.059 -142.917   70.873  141.341  -60.126
732  -69.419 -154.625   90.958  144.705  -58.862
733  -66.956 -136.009   72.588  146.586  -62.638
734  -75.054 -139.947   80.450  140.775  -63.507
735  -60.631 -152.112   71.230  146.401  -56.638
736  -66.962 -149.256   53.940  145.344  -60.557
737 -113.599 -135.411   74.582  145.757  -63.807
738  -59.233 -143.287   63.225  146.307  -48.008
739  -84.223 -144.793   58.516  144.541  -46.044
740  -85.444 -145.561   72.773  149.409  -59.127
741  -60.626 -149.466   65.469  143.428  -53.773
742  -63.969 -152.548   77.799  135.813  -52.845
743  -56.017 -154.983   84.715  138.451  -48.305
744  -63.258 -154.937   77.905  135.985  -54.446
745  -55.516 -147.543   65.317  147.760  -40.833
746  -60.418 -140.103   71.114  141.747  -50.752
747  -59.205 -145.974   68.130  154.034  -43.604
748  -68.863 -135.344   66.485  139.722  -51.611
749  -87.518 -138.714   73.336  139.014  -51.818
750  -55.981 -139.114   69.005  148.382  -40.938
751  -80.459 -152.734   76.298  149.481  -50.011
752  -65.942 -151.134   77.600  142.711  -49.697
753  -75.955 -147.641   62.054  135.929  -68.003
754  -54.863 -155.062   48.293  147.704  -72.850
755  -81.702 -147.101   67.804  144.429  -80.089
756  -60.519 -140.125   67.166  155.130  -78.596
757  -88.942 -144.893   58.635  140.857  -69.705
758  -54.083 -143.166   85.589  143.738  -56.120
759  -60.212 -152.181   63.373  143.311  -48.360
760  -90.152 -146.653   73.983  154.488  -69.492
761  -93.590 -144.244   56.565  144.677  -62.791
762  -54.476 -150.555   68.749  138.655  -45.236
763  -52.825 -156.123   79.197  127.391  -66.293
764  -68.183 -154.641   82.612  127.344  -56.677
765  -74.613 -141.072   69.349  152.337  -64.864
766  -54.471 -127.888   57.636  151.638  -50.426
767  -54.173 -154.611   78.265  135.959  -61.661
768  -84.030 -137.658   78.324  135.581  -45.324
769  -81.346 -152.582   74.429  142.197  -53.865
770  -95.348 -148.375   73.497  140.067  -52.261
771  -75.641 -143.152   67.208  142.669  -57.530
772  -69.019 -146.878   71.387  151.242  -46.636
773  -62.216 -140.252   61.072  134.712  -64.953
774  -96.176 -151.424   66.225  155.943  -63.032
775  -87.611 -156.141   70.678  127.874  -61.970
776  -50.739 -147.321   62.875  141.705  -73.756
777  -73.628 -150.680   73.713  120.362  -52.734
778  -87.657 -130.758   63.215  146.321  -51.285
779  -69.513 -138.947   68.536  145.024  -68.383
780  -73.320 -139.251   68.282  155.728  -57.739
781  -57.354 -148.988   68.913  146.985  -71.926
782  -61.924 -159.617   62.388  147.363  -57.160
783  -48.829 -141.288   58.770  143.165  -69.523
784  -72.558 -142.779   55.885  137.913  -62.261
785  -57.240 -140.884   70.810  133.025  -60.565
786  -53.436 -149.037   67.713  145.603  -51.222
787  -61.443 -141.783   65.665  137.055  -53.269
788  -88.345 -154.800   55.541  142.936  -43.649
789  -80.714 -155.470   66.795  138.242  -58.860
790  -67.166 -145.094   66.176  141.301  -55.455
791  -73.272 -134.171   66.491  148.142  -61.543
792  -99.277 -146.920   61.809  144.506  -57.117
793  -49.855 -145.832   63.849  148.575  -57.951
794  -50.079 -146.824   59.649  153.340  -68.768
795  -64.135 -136.518   62.602  155.473  -57.029
796  -64.222 -146.860   60.805  136.532  -53.702
797  -91.152 -145.954   77.212  137.335  -59.657
798  -78.935 -147.547   70.089  157.075  -57.898
799  -78.237 -155.160   65.427  154.233  -55.356
800  -89.223 -135.183   71.809  138.356  -66.717
801  -70.222 -147.091   65.382  154.780  -63.016
802  -67.755 -139.139   59.956  149.042  -66.529
803  -72.077 -144.991   57.410  150.429  -67.627
804  -81.933 -144.483   61.744  154.676  -43.802
805  -63.469 -132.972   72.826  154.719  -53.494
806  -82.733 -133.943   76.087  149.053  -46.943
807  -73.240 -139.996   74.987  158.347  -65.154
808  -94.155 -146.707   67.436  141.611  -54.849
809 -115.858 -143.305   74.948  152.267  -63.805
810  -72.964 -142.101   60.118  143.981  -58.214
811  -59.597 -144.925   68.169  156.526  -70.058
812  -87.988 -142.664   55.098  155.817  -56.772
813  -85.332 -139.134   68.649  155.384  -69.829
814  -74.771 -153.971   62.344  146.058  -53.141
815  -85.800 -148.355   68.951  151.957  -58.753
816  -58.246 -128.672   79.656  142.102  -55.897
817  -78.561 -159.095   62.863  155.983  -46.064
818  -53.166 -128.388   70.110  146.240  -55.121
819  -78.362 -142.717   74.264  145.333  -63.254
820  -86.760 -146.268   85.196  139.824  -45.975
821  -92.395 -142.216   86.285  124.535  -49.769
822  -56.897 -143.223   65.878  140.433  -51.759
823  -99.666 -138.258   73.556  147.968  -65.021
824  -72.614 -132.059   76.740  139.468  -58.318
825  -85.842 -146.780   68.084  150.415  -62.988
826  -77.022 -129.129   82.655  138.514  -63.848
827  -82.445 -141.091   46.928  138.021  -30.663
828  -88.033 -145.159   75.551  155.076  -55.520
829  -77.612 -146.347   62.818  133.372  -64.535
830  -57.908 -138.971   59.374  150.045  -49.339
831  -75.347 -145.661   77.463  132.682  -48.113
832  -39.147 -146.372   86.461  137.307  -49.505
833  -67.181 -154.800   77.760  129.845  -67.089
834  -73.196 -135.304   72.546  134.573  -42.488
835  -79.243 -139.192   68.932  137.570  -48.170
836  -31.558 -146.620   72.198  125.306  -65.348
837  -72.133 -124.363   64.008  146.344  -59.938
838  -74.912 -142.447   61.548  130.664  -65.745
839  -76.567 -151.482   68.972  143.026  -66.068
840  -81.599 -142.801   70.290  146.133  -40.590
841  -91.881 -135.085   64.679  146.800  -59.056
842  -81.847 -147.550   83.699  136.144  -74.657
843  -71.258 -132.725   51.370  148.007  -66.948
844  -87.087 -138.968   70.070  150.239  -80.789
845  -84.881 -141.658   79.335  151.861  -78.764
846  -92.814 -145.437   58.662  151.925  -69.523
847  -78.941 -153.569   87.096  135.000  -73.380
848  -94.582 -155.213   82.922  140.436  -78.194
849  -64.668 -142.601   66.384  146.630  -72.689
850  -82.623 -138.016   56.785  150.179  -55.455
851  -57.018 -157.337   81.402  132.961  -64.225
852  -62.951 -143.375   78.764  145.345  -60.499
853  -96.495 -143.113   76.271  129.562  -55.123
854  -84.522 -138.553   82.807  134.444  -55.555
855  -82.486 -161.734   87.500  149.705  -53.534
856  -83.732 -131.064   65.142  154.366  -66.760
857  -83.704 -146.755   66.702  141.012  -52.258
858  -75.957 -129.802   70.491  146.659  -57.220
859  -59.963 -138.454   51.768  131.820  -52.769
860  -53.931 -139.237   71.038  146.408  -51.652
861  -78.624 -153.715   67.221  147.228  -67.391
862  -59.610 -142.979   67.644  142.467  -64.936
863  -91.991 -139.371   80.700  122.341  -65.722
864  -69.044 -135.163   74.414  144.117  -69.381
865  -53.258 -152.195   63.344  140.474  -63.870
866  -99.485 -130.869   75.549  136.345  -61.087
867  -91.023 -132.464   69.757  142.667  -58.143
868  -93.198 -138.393   72.446  149.479  -52.203
869  -93.158 -135.275   57.073  151.414  -54.422
870  -95.639 -126.952   69.429  157.093  -59.744
871  -81.215 -145.224   71.554  131.943  -39.789
872  -73.088 -146.324   65.168  140.587  -45.688
873  -85.112 -134.256   79.489  141.699  -42.631
874  -25.726 -142.746   84.448  135.638  -61.295
875  -87.568 -148.191   76.109  153.777  -51.161
876  -93.165 -144.297   81.616  134.708  -59.453
877  -56.824 -133.952   66.758  142.594  -51.782
878  -66.448 -151.695   74.401  136.730  -60.359
879  -90.586 -147.490   70.950  140.478  -51.110
880  -94.160 -142.970   67.177  141.707  -65.447
881  -71.061 -142.475   75.502  143.581  -34.103
882  -57.795 -145.227   84.744  136.775  -59.212
883  -60.199 -153.499   73.122  137.755  -68.095
884  -96.598 -138.422   77.179  144.996  -61.823
885  -95.298 -130.063   71.313  135.567  -55.491
886  -53.207 -143.286   78.042  142.611  -50.706
887  -59.886 -141.984   81.299  141.578  -67.416
888  -77.763 -147.020   66.815  147.190  -56.939
889  -69.901 -152.158   79.382  145.298  -58.189
890  -65.030 -137.066   92.838  133.007  -60.958
891  -73.329 -156.420   76.787  135.813  -58.761
892  -64.725 -140.643   83.256  140.513  -57.134
893  -66.889 -154.958   71.094  128.678  -62.073
894  -92.163 -145.241   68.878  151.021  -55.191
895  -54.769 -149.020   52.593  142.900  -73.678
896  -80.123 -139.707   69.454  151.517  -67.033
897  -83.868 -142.069   69.441  136.037  -72.754
898  -81.951 -149.886   82.672  140.729  -72.261
899  -80.240 -145.132   89.923  139.774  -48.978
900  -97.462 -134.312   85.449  130.875  -68.987
901  -48.788 -150.675   66.939  136.635  -56.317
902  -70.605 -149.040   78.093  140.392  -68.103
903  -58.649 -139.316   61.078  154.878  -64.484
904 -107.160 -141.414   76.819  150.824  -64.234
905  -43.179 -157.811   70.491  142.965  -61.421
906  -71.484 -128.510   66.851  140.071  -79.643
907  -48.220 -138.975   69.921  130.773  -58.740
908  -90.401 -150.892   79.601  140.861  -57.255
909  -94.896 -149.479   68.113  145.704  -48.007
910 -106.714 -129.595   70.697  152.799  -62.624
911  -61.518 -140.949   75.207  149.609  -55.936
912  -65.906 -144.280   71.385  152.500  -63.289
913  -67.340 -153.591   63.928  154.020  -55.401
914  -77.910 -145.605   79.783  144.274  -51.174
915  -71.441 -148.607   83.884  142.260  -53.692
916  -61.833 -137.161   72.564  142.586  -58.025
917  -57.716 -147.789   66.116  154.869  -52.145
918  -74.800 -131.924   86.104  130.105  -58.135
919  -74.320 -142.868   69.032  136.395  -60.184
920  -74.534 -139.163   76.476  146.611  -61.154
921  -83.273 -145.526   74.783  139.471  -66.610
922  -63.975 -143.036   57.437  127.824  -49.240
923  -81.990 -137.950   68.525  150.393  -70.557
924  -79.660 -142.846   67.322  144.982  -57.745
925  -84.822 -146.671   73.301  134.503  -77.193
926  -69.591 -146.056   67.943  139.040  -74.333
927  -79.093 -154.271   78.631  134.666  -61.796
928  -76.291 -141.256   62.544  144.082  -55.629
929  -64.034 -128.939   82.323  148.599  -48.607
930  -89.104 -141.034   81.033  145.138  -55.066
931  -62.308 -147.678   63.848  154.805  -82.444
932  -83.378 -134.216   58.365  151.711  -64.035
933  -62.781 -139.441   67.826  144.185  -65.743
934  -98.133 -141.096   71.085  141.288  -56.026
935  -83.735 -146.317   64.191  144.209  -68.264
936  -62.299 -127.551   73.638  130.665  -69.958
937  -57.486 -134.704   60.740  159.366  -61.722
938  -75.953 -131.893   68.332  145.551  -71.916
939  -52.728 -138.041   75.701  139.567  -70.689
940  -94.190 -136.144   71.161  152.042  -67.349
941  -66.363 -129.793   72.455  142.777  -86.571
942  -82.957 -137.325   83.775  143.715  -71.044
943  -66.895 -143.546   79.103  147.303  -77.139
944  -33.127 -149.014   75.130  142.022  -56.293
945  -77.926 -134.835   55.456  153.816  -66.608
946  -67.875 -145.217   71.375  145.510  -68.658
947  -50.326 -143.769   74.206  152.431  -64.271
948  -71.004 -151.917   77.894  146.005  -59.669
949  -48.533 -131.948   61.418  149.420  -52.554
950  -83.713 -147.768   82.044  144.452  -56.817
951  -76.604 -151.733   85.794  119.703  -55.847
952  -86.071 -153.938   79.766  143.179  -69.254
953  -67.528 -134.090   77.827  155.210  -78.545
954  -51.675 -135.279   50.953  150.737  -56.775
955  -61.981 -132.980   65.320  155.867  -63.966
956  -34.772 -140.267   81.102  135.381  -73.569
957  -62.924 -155.723   60.927  149.360  -55.899
958  -72.391 -140.000   75.048  146.386  -62.357
959  -75.382 -132.771   74.989  138.909  -55.589
960 -105.560 -144.599   82.539  156.729  -57.264
961  -73.427 -142.451   67.589  141.202  -52.383
962  -59.504 -155.595   80.888  144.263  -75.448
963  -72.246 -149.138   91.500  131.889  -75.023
964  -56.705 -152.550   83.828  132.861  -64.437
965 -100.668 -142.456   69.009  148.887  -67.118
966  -62.146 -153.757   82.127  136.110  -61.482
967  -49.253 -143.251   77.309  142.388  -53.415
968  -71.783 -143.276   71.884  141.358  -59.918
969  -92.653 -146.095   67.264  136.395  -57.450
970  -41.008 -145.324   71.871  150.060  -52.649
971 -103.198 -136.996   65.161  146.385  -42.931
972  -71.766 -151.586   81.961  133.671  -48.569
973  -65.828 -142.788   80.772  135.131  -43.407
974  -88.214 -149.721   87.675  130.229  -49.361
975  -87.264 -137.063   65.423  153.640  -50.130
976 -106.323 -151.409   94.725  144.110  -48.568
977  -56.622 -148.351   73.875  142.547  -46.821
978  -62.569 -128.100   73.281  125.586  -53.740
979  -69.726 -142.513   63.254  132.205  -54.075
980  -89.134 -137.216   70.201  148.824  -56.789
981  -84.484 -135.348   66.136  142.049  -57.382
982  -95.618 -145.885   64.827  148.729  -48.072
983  -76.148 -136.196   74.240  140.063  -59.503
984  -80.314 -145.361   64.879  157.471  -39.643
985  -54.091 -136.891   65.805  135.037  -55.693
986  -57.583 -146.934   82.294  134.807  -45.233
987  -69.992 -142.544   84.813  145.347  -63.802
988  -83.799 -144.451   74.156  146.752  -47.654
989  -73.292 -145.544   64.588  139.707  -63.401
990  -71.413 -141.845   83.060  140.384  -60.075
991  -41.585 -142.708   93.648  125.824  -61.481
992  -97.227 -137.728   82.890  149.643  -50.166
993  -75.599 -151.111   65.870  128.846  -55.845
994  -59.070 -134.608   78.806  146.284  -56.392
995  -98.425 -138.256   77.488  135.854  -60.890
996 -108.068 -143.202   76.744  137.883  -55.163
997  -62.839 -130.908   77.139  140.980  -45.178
998  -91.935 -150.315   70.940  148.132  -85.195
999  -78.002 -139.205   65.990  140.890  -58.524
1000  -88.907 -143.560   86.329  140.113  -55.928
